z Ux k                  epsilon 
1.000000e+00 0.000000e+00    3.168187e-02  1.143517e-01 
1.009600e+00 2.070000e-01    3.168187e-02  1.143517e-01 
1.019200e+00 2.310000e-01    4.754325e-03  1.061273e-02 
1.030700e+00 3.640000e-01    8.637625e-03  2.701088e-02 
1.042800e+00 4.770000e-01    1.094133e-02  2.558931e-02 
1.055200e+00 5.550000e-01    1.259341e-02  2.057947e-02 
1.067400e+00 6.110000e-01    1.206099e-02  1.497738e-02 
1.079600e+00 6.560000e-01    1.127482e-02  1.011961e-02 
1.091800e+00 6.840000e-01    1.076285e-02  6.748836e-03 
1.104000e+00 7.070000e-01    1.021868e-02  5.573828e-03 
1.116000e+00 7.280000e-01    9.786740e-03  4.110431e-03 
1.129000e+00 7.420000e-01    9.089460e-03  2.726838e-03 
1.141000e+00 7.530000e-01    8.912785e-03  2.673835e-03 
1.153000e+00 7.660000e-01    8.646525e-03  2.161631e-03 
1.165000e+00 7.730000e-01    8.598685e-03  1.857316e-03 
1.178000e+00 7.840000e-01    8.112245e-03  1.849592e-03 
1.190000e+00 7.920000e-01    7.945320e-03  1.191798e-03 
1.202000e+00 7.960000e-01    7.618885e-03  1.238069e-03 
1.214000e+00 8.050000e-01    7.541905e-03  1.508381e-03 
1.226000e+00 8.120000e-01    7.529390e-03  1.355290e-03 
1.239000e+00 8.200000e-01    7.021170e-03  1.179557e-03 
1.251000e+00 8.260000e-01    7.188545e-03  1.168139e-03 
1.263000e+00 8.330000e-01    6.913725e-03  9.506372e-04 
1.275000e+00 8.370000e-01    6.904805e-03  6.628613e-04 
1.288000e+00 8.410000e-01    6.646525e-03  9.570996e-04 
1.300000e+00 8.490000e-01    6.378570e-03  8.770534e-04 
1.312000e+00 8.520000e-01    6.448650e-03  8.866894e-04 
1.324000e+00 8.600000e-01    6.230430e-03  1.121477e-03 
1.337000e+00 8.670000e-01    6.071350e-03  5.828496e-04 
1.349000e+00 8.680000e-01    6.013485e-03  3.006742e-04 
1.361000e+00 8.710000e-01    5.871095e-03  8.072756e-04 
1.373000e+00 8.790000e-01    5.604455e-03  7.005569e-04 
1.385000e+00 8.810000e-01    5.462020e-03  5.243539e-04 
1.398000e+00 8.870000e-01    5.537695e-03  7.309757e-04 
1.410000e+00 8.920000e-01    5.478030e-03  6.162784e-04 
1.422000e+00 8.960000e-01    5.391220e-03  4.043415e-04 
1.434000e+00 8.980000e-01    5.178745e-03  2.485798e-04 
1.447000e+00 9.000000e-01    5.173310e-03  3.724783e-04 
1.459000e+00 9.040000e-01    5.060585e-03  6.958304e-04 
1.471000e+00 9.110000e-01    4.814210e-03  7.221315e-04 
1.483000e+00 9.160000e-01    4.833270e-03  3.479954e-04 
1.496000e+00 9.170000e-01    4.784845e-03  2.296726e-04 
1.508000e+00 9.200000e-01    4.521025e-03  5.086153e-04 
1.520000e+00 9.260000e-01    4.517125e-03  5.420550e-04 
1.533000e+00 9.300000e-01    4.457805e-03  2.674683e-04 
1.545000e+00 9.310000e-01    4.483445e-03  3.362584e-04 
1.557000e+00 9.360000e-01    4.327045e-03  4.327045e-04 
1.569000e+00 9.390000e-01    4.232020e-03  2.116010e-04 
1.581000e+00 9.400000e-01    4.111110e-03  2.466666e-04 
1.594000e+00 9.440000e-01    4.102510e-03  2.953807e-04 
1.606000e+00 9.460000e-01    4.025765e-03  3.522544e-04 
1.618000e+00 9.510000e-01    3.827335e-03  4.305752e-04 
1.630000e+00 9.550000e-01    3.740260e-03  2.692987e-04 
1.643000e+00 9.570000e-01    3.706970e-03  1.779346e-04 
1.655000e+00 9.590000e-01    3.620810e-03  2.263006e-04 
1.667000e+00 9.620000e-01    3.655240e-03  3.198335e-04 
1.679000e+00 9.660000e-01    3.510095e-03  1.684846e-04 
1.692000e+00 9.660000e-01    3.576290e-03  8.583096e-05 
1.704000e+00 9.680000e-01    3.334625e-03  2.500969e-04 
1.716000e+00 9.720000e-01    3.263445e-03  1.631722e-04 
1.728000e+00 9.720000e-01    3.150325e-03  1.134117e-04 
1.741000e+00 9.750000e-01    3.193735e-03  1.532993e-04 
1.753000e+00 9.760000e-01    3.099610e-03  1.937256e-04 
1.765000e+00 9.800000e-01    2.959745e-03  1.849841e-04 
1.777000e+00 9.810000e-01    2.953230e-03  1.063163e-04 
1.790000e+00 9.830000e-01    2.809825e-03  1.348716e-04 
1.802000e+00 9.850000e-01    2.806285e-03  2.104714e-04 
1.814000e+00 9.890000e-01    2.632590e-03  1.316295e-04 
1.826000e+00 9.890000e-01    2.746150e-03  1.029806e-04 
1.838000e+00 9.920000e-01    2.583015e-03  9.298854e-05 
1.851000e+00 9.920000e-01    2.709490e-03  9.539146e-05 
1.863000e+00 9.920000e-01    2.607850e-03  9.779438e-05 
1.875000e+00 9.950000e-01    2.511975e-03  9.419906e-05 
1.887000e+00 9.950000e-01    2.516870e-03  7.624327e-05 
1.900000e+00 9.950000e-01    2.428645e-03  5.828748e-05 
1.912000e+00 9.970000e-01    2.389450e-03  5.973625e-05 
1.924000e+00 9.970000e-01    2.468605e-03  3.085756e-05 
1.936000e+00 9.980000e-01    2.399645e-03  5.759148e-05 
1.949000e+00 9.990000e-01    2.347305e-03  2.816766e-05 
1.961000e+00 9.990000e-01    2.357985e-03  2.861739e-05 
1.973000e+00 9.990000e-01    2.325370e-03  2.906713e-05 
1.985000e+00 9.980000e-01    2.306325e-03  2.767590e-05 
1.998000e+00 9.980000e-01    2.381620e-03  4.546913e-05 
2.010000e+00 9.980000e-01    2.319620e-03  6.326236e-05 
2.020000e+00 9.980000e-01    2.285725e-03  3.428588e-05 
2.030000e+00 9.990000e-01    2.332985e-03  4.665970e-05 
2.050000e+00 9.980000e-01    2.359070e-03  2.359070e-05 
2.060000e+00 9.980000e-01    2.311855e-03  3.467782e-05 
2.070000e+00 9.970000e-01    2.438050e-03  7.314150e-05 
2.080000e+00 9.960000e-01    2.427055e-03  7.281165e-05 
2.100000e+00 9.940000e-01    2.440150e-03  4.880300e-05 
2.110000e+00 9.940000e-01    2.526685e-03  3.790027e-05 
2.120000e+00 9.930000e-01    2.512190e-03  7.536570e-05 
2.130000e+00 9.920000e-01    2.504065e-03  1.502439e-04 
2.140000e+00 9.890000e-01    2.622405e-03  5.244810e-05 
2.160000e+00 9.900000e-01    2.601490e-03  2.601490e-05 
2.170000e+00 9.880000e-01    2.695145e-03  2.021359e-04 
2.180000e+00 9.850000e-01    2.905690e-03  1.743414e-04 
2.190000e+00 9.840000e-01    2.849470e-03  1.139788e-04 
2.210000e+00 9.810000e-01    2.934430e-03  1.467215e-04 
2.220000e+00 9.790000e-01    2.891320e-03  2.168490e-04 
2.230000e+00 9.760000e-01    3.011625e-03  9.034875e-05 
2.240000e+00 9.770000e-01    3.121890e-03  1.404850e-04 
2.250000e+00 9.730000e-01    3.169495e-03  1.901697e-04 
2.270000e+00 9.710000e-01    3.340815e-03  2.004489e-04 
2.280000e+00 9.670000e-01    3.343230e-03  3.510392e-04 
2.290000e+00 9.640000e-01    3.375000e-03  3.037500e-04 
2.300000e+00 9.610000e-01    3.470850e-03  2.082510e-04 
2.320000e+00 9.580000e-01    3.647470e-03  1.823735e-04 
2.330000e+00 9.560000e-01    3.789290e-03  2.273574e-04 
2.340000e+00 9.540000e-01    3.746065e-03  3.371459e-04 
2.350000e+00 9.500000e-01    3.806525e-03  4.567830e-04 
2.360000e+00 9.460000e-01    3.911695e-03  1.564678e-04 
2.380000e+00 9.460000e-01    3.938230e-03  1.575292e-04 
2.390000e+00 9.420000e-01    3.880405e-03  3.492365e-04 
2.400000e+00 9.400000e-01    4.029625e-03  3.022219e-04 
2.410000e+00 9.370000e-01    4.119565e-03  2.471739e-04 
2.430000e+00 9.340000e-01    4.289095e-03  3.860186e-04 
2.440000e+00 9.280000e-01    4.359230e-03  3.923307e-04 
2.450000e+00 9.280000e-01    4.504510e-03  4.054059e-04 
2.460000e+00 9.220000e-01    4.487610e-03  3.590088e-04 
2.480000e+00 9.200000e-01    4.633985e-03  2.780391e-04 
2.490000e+00 9.160000e-01    4.947310e-03  5.936772e-04 
2.500000e+00 9.120000e-01    4.880230e-03  4.392207e-04 
2.510000e+00 9.100000e-01    4.753270e-03  4.990934e-04 
2.520000e+00 9.050000e-01    4.854145e-03  4.854145e-04 
2.540000e+00 9.000000e-01    4.940470e-03  5.434517e-04 
2.550000e+00 8.940000e-01    5.190250e-03  6.228300e-04 
2.560000e+00 8.920000e-01    5.144385e-03  3.858289e-04 
2.570000e+00 8.890000e-01    5.532010e-03  4.425608e-04 
2.590000e+00 8.840000e-01    5.603050e-03  5.603050e-04 
2.600000e+00 8.790000e-01    5.449980e-03  8.174970e-04 
2.610000e+00 8.740000e-01    5.682020e-03  1.022764e-03 
2.620000e+00 8.670000e-01    5.860445e-03  1.054880e-03 
2.630000e+00 8.620000e-01    5.937170e-03  5.343453e-04 
2.650000e+00 8.580000e-01    5.987905e-03  3.592743e-04 
2.660000e+00 8.560000e-01    6.072750e-03  6.376388e-04 
2.670000e+00 8.510000e-01    6.344760e-03  1.142057e-03 
2.680000e+00 8.440000e-01    6.570145e-03  9.855217e-04 
2.700000e+00 8.360000e-01    6.662965e-03  9.328151e-04 
2.710000e+00 8.300000e-01    6.607365e-03  8.919943e-04 
2.720000e+00 8.270000e-01    6.811255e-03  1.123857e-03 
2.730000e+00 8.190000e-01    7.076610e-03  1.698386e-03 
2.740000e+00 8.110000e-01    7.153845e-03  8.584614e-04 
2.760000e+00 8.070000e-01    7.256205e-03  9.433067e-04 
2.770000e+00 7.980000e-01    7.348665e-03  1.543220e-03 
2.780000e+00 7.930000e-01    7.430310e-03  1.448910e-03 
2.790000e+00 7.850000e-01    7.657180e-03  1.454864e-03 
2.810000e+00 7.740000e-01    8.184365e-03  1.473186e-03 
2.820000e+00 7.670000e-01    8.250670e-03  2.351441e-03 
2.830000e+00 7.550000e-01    8.563545e-03  2.440610e-03 
2.840000e+00 7.480000e-01    8.908260e-03  2.939726e-03 
2.850000e+00 7.330000e-01    9.367565e-03  3.091296e-03 
2.870000e+00 7.150000e-01    9.717025e-03  3.789640e-03 
2.880000e+00 6.940000e-01    1.070257e-02  7.384773e-03 
2.890000e+00 6.690000e-01    1.065240e-02  8.628444e-03 
2.900000e+00 6.400000e-01    1.116954e-02  7.595287e-03 
2.920000e+00 6.010000e-01    1.144500e-02  1.178835e-02 
2.930000e+00 5.370000e-01    1.153661e-02  2.647651e-02 
2.940000e+00 4.480000e-01    1.083387e-02  3.526423e-02 
2.950000e+00 3.200000e-01    7.633890e-03  2.736750e-02 
2.960000e+00 2.090000e-01    3.585159e-03  5.592849e-03 
2.970000e+00 2.160000e-01    2.388882e-02  3.744573e-02 
3.000000e+00 0.000000e+00    2.388882e-02  3.744573e-02 
