#x/H z/H N ux_rms/Uc uz_rms/Uc uy_rms/Uc
2.44E-02 1.02E+00 189 1.04E-01 1.70E-02 3.32E-02
2.44E-02 1.04E+00 443 1.36E-01 2.67E-02 5.06E-02
2.44E-02 1.06E+00 537 1.25E-01 2.98E-02 6.09E-02
2.44E-02 1.09E+00 516 1.10E-01 3.74E-02 5.88E-02
2.44E-02 1.11E+00 430 1.06E-01 4.41E-02 6.14E-02
2.44E-02 1.14E+00 426 1.02E-01 4.72E-02 6.10E-02
2.44E-02 1.16E+00 376 1.04E-01 5.23E-02 6.12E-02
2.44E-02 1.19E+00 369 9.77E-02 5.47E-02 6.28E-02
2.44E-02 1.21E+00 344 9.44E-02 5.10E-02 6.44E-02
2.44E-02 1.23E+00 355 9.99E-02 5.62E-02 6.17E-02
2.44E-02 1.26E+00 414 8.19E-02 4.97E-02 6.12E-02
2.44E-02 1.28E+00 440 8.43E-02 5.09E-02 6.17E-02
2.44E-02 1.31E+00 505 8.06E-02 4.98E-02 5.69E-02
2.44E-02 1.33E+00 550 7.80E-02 4.89E-02 5.66E-02
2.44E-02 1.36E+00 603 7.61E-02 4.86E-02 5.51E-02
2.44E-02 1.38E+00 624 7.57E-02 4.69E-02 5.50E-02
2.44E-02 1.41E+00 654 7.29E-02 4.72E-02 5.20E-02
2.44E-02 1.43E+00 702 7.03E-02 4.49E-02 5.10E-02
2.44E-02 1.45E+00 749 7.12E-02 4.48E-02 5.22E-02
2.44E-02 1.48E+00 748 6.90E-02 4.49E-02 5.17E-02
2.44E-02 1.50E+00 721 6.67E-02 4.47E-02 5.06E-02
2.44E-02 1.53E+00 712 6.73E-02 4.48E-02 4.95E-02
2.44E-02 1.55E+00 752 6.40E-02 4.18E-02 4.76E-02
2.44E-02 1.58E+00 676 6.23E-02 4.35E-02 4.69E-02
2.44E-02 1.60E+00 698 6.14E-02 4.30E-02 4.51E-02
2.44E-02 1.63E+00 715 5.89E-02 4.06E-02 4.59E-02
2.44E-02 1.65E+00 716 5.91E-02 3.88E-02 4.41E-02
2.44E-02 1.67E+00 704 5.73E-02 4.19E-02 4.43E-02
2.44E-02 1.70E+00 768 5.58E-02 4.14E-02 4.25E-02
2.44E-02 1.72E+00 701 5.56E-02 3.89E-02 4.07E-02
2.44E-02 1.75E+00 627 4.86E-02 3.80E-02 3.72E-02
2.44E-02 1.77E+00 687 5.33E-02 4.00E-02 4.05E-02
2.44E-02 1.80E+00 669 5.51E-02 3.80E-02 3.95E-02
2.44E-02 1.82E+00 719 4.93E-02 3.69E-02 3.81E-02
2.44E-02 1.85E+00 664 4.96E-02 3.59E-02 3.80E-02
2.44E-02 1.87E+00 689 4.53E-02 3.64E-02 3.62E-02
2.44E-02 1.89E+00 673 4.78E-02 3.93E-02 3.70E-02
2.44E-02 1.92E+00 627 4.68E-02 3.87E-02 3.61E-02
2.44E-02 1.94E+00 664 4.81E-02 3.84E-02 3.79E-02
2.44E-02 1.97E+00 648 4.15E-02 3.70E-02 3.41E-02
2.44E-02 1.99E+00 641 4.40E-02 3.70E-02 3.69E-02
2.44E-02 2.02E+00 615 4.93E-02 3.75E-02 3.75E-02
2.44E-02 2.04E+00 568 4.55E-02 3.92E-02 3.62E-02
2.44E-02 2.07E+00 623 4.51E-02 3.88E-02 3.68E-02
2.44E-02 2.09E+00 618 4.63E-02 3.49E-02 3.66E-02
2.44E-02 2.12E+00 569 4.87E-02 3.84E-02 3.74E-02
2.44E-02 2.14E+00 597 5.05E-02 3.86E-02 3.77E-02
2.44E-02 2.16E+00 550 4.93E-02 4.01E-02 3.71E-02
2.44E-02 2.19E+00 596 4.93E-02 4.15E-02 3.92E-02
2.44E-02 2.21E+00 571 5.05E-02 3.91E-02 3.80E-02
2.44E-02 2.24E+00 565 5.59E-02 4.22E-02 4.23E-02
2.44E-02 2.26E+00 559 5.79E-02 4.00E-02 4.29E-02
2.44E-02 2.29E+00 595 5.87E-02 4.36E-02 4.21E-02
2.44E-02 2.31E+00 567 5.56E-02 4.11E-02 4.70E-02
2.44E-02 2.34E+00 576 6.07E-02 4.42E-02 4.54E-02
2.44E-02 2.36E+00 604 5.91E-02 4.46E-02 4.49E-02
2.44E-02 2.38E+00 607 6.21E-02 4.36E-02 4.61E-02
2.44E-02 2.41E+00 645 6.51E-02 4.30E-02 4.77E-02
2.44E-02 2.43E+00 577 6.45E-02 4.53E-02 4.98E-02
2.44E-02 2.46E+00 624 6.80E-02 4.43E-02 4.80E-02
2.44E-02 2.48E+00 600 6.58E-02 4.48E-02 5.15E-02
2.44E-02 2.51E+00 627 7.04E-02 4.82E-02 5.55E-02
2.44E-02 2.53E+00 647 6.91E-02 4.69E-02 5.31E-02
2.44E-02 2.55E+00 706 7.43E-02 5.00E-02 5.37E-02
2.44E-02 2.58E+00 661 7.21E-02 4.86E-02 5.61E-02
2.44E-02 2.60E+00 716 7.16E-02 4.76E-02 5.83E-02
2.44E-02 2.63E+00 678 7.48E-02 4.88E-02 5.58E-02
2.44E-02 2.65E+00 698 8.05E-02 5.08E-02 5.93E-02
2.44E-02 2.68E+00 702 8.29E-02 4.73E-02 5.99E-02
2.44E-02 2.70E+00 720 8.04E-02 4.93E-02 5.87E-02
2.44E-02 2.73E+00 788 8.82E-02 5.31E-02 6.15E-02
2.44E-02 2.75E+00 686 8.45E-02 5.08E-02 6.14E-02
2.44E-02 2.78E+00 764 9.02E-02 5.19E-02 6.39E-02
2.44E-02 2.80E+00 739 9.46E-02 4.75E-02 6.98E-02
2.44E-02 2.82E+00 736 1.06E-01 4.73E-02 6.56E-02
2.44E-02 2.85E+00 738 1.09E-01 4.89E-02 6.73E-02
2.44E-02 2.87E+00 734 1.16E-01 4.12E-02 6.42E-02
2.44E-02 2.90E+00 710 1.28E-01 3.50E-02 6.18E-02
2.44E-02 2.92E+00 721 1.43E-01 2.71E-02 6.09E-02
2.44E-02 2.95E+00 689 1.29E-01 1.59E-02 4.56E-02
2.44E-02 2.96E+00 195 8.67E-02 9.23E-03 3.16E-02


#x/H z/H N ux_rms/Uc uz_rms/Uc uy_rms/Uc
1.00E+00 1.70E-02 3 5.10E-10 4.01E-09 1.00E-09
1.00E+00 4.13E-02 128 1.71E-02 1.10E-02 2.23E-02
1.00E+00 6.09E-02 207 3.06E-02 1.46E-02 2.82E-02
1.00E+00 8.49E-02 208 3.79E-02 1.70E-02 3.92E-02
1.00E+00 1.12E-01 254 3.58E-02 2.07E-02 4.21E-02
1.00E+00 1.34E-01 205 5.10E-02 2.67E-02 4.73E-02
1.00E+00 1.60E-01 203 4.98E-02 2.81E-02 5.03E-02
1.00E+00 1.83E-01 277 4.38E-02 2.43E-02 5.13E-02
1.00E+00 2.07E-01 299 5.29E-02 2.83E-02 5.17E-02
1.00E+00 2.33E-01 277 4.89E-02 2.86E-02 4.37E-02
1.00E+00 2.56E-01 298 5.08E-02 3.08E-02 4.84E-02
1.00E+00 2.81E-01 286 4.96E-02 3.03E-02 4.59E-02
1.00E+00 3.05E-01 304 5.62E-02 3.16E-02 4.17E-02
1.00E+00 3.31E-01 309 6.29E-02 3.03E-02 4.84E-02
1.00E+00 3.55E-01 397 5.18E-02 3.12E-02 4.81E-02
1.00E+00 3.78E-01 307 6.48E-02 3.30E-02 4.87E-02
1.00E+00 4.04E-01 350 5.85E-02 3.21E-02 4.26E-02
1.00E+00 4.29E-01 455 6.25E-02 3.17E-02 5.11E-02
1.00E+00 4.52E-01 424 5.92E-02 3.68E-02 4.75E-02
1.00E+00 4.76E-01 426 6.05E-02 3.77E-02 4.74E-02
1.00E+00 5.02E-01 379 6.66E-02 3.81E-02 4.57E-02
1.00E+00 5.25E-01 389 5.93E-02 3.67E-02 5.27E-02
1.00E+00 5.50E-01 376 6.16E-02 3.37E-02 4.96E-02
1.00E+00 5.75E-01 450 6.26E-02 3.48E-02 4.97E-02
1.00E+00 5.99E-01 417 6.48E-02 3.52E-02 4.80E-02
1.00E+00 6.23E-01 422 6.16E-02 3.66E-02 5.29E-02
1.00E+00 6.48E-01 453 6.14E-02 4.25E-02 5.07E-02
1.00E+00 6.73E-01 400 6.30E-02 4.11E-02 5.30E-02
1.00E+00 6.97E-01 434 5.86E-02 4.43E-02 5.65E-02
1.00E+00 7.21E-01 414 6.15E-02 4.36E-02 4.84E-02
1.00E+00 7.46E-01 417 6.90E-02 4.63E-02 5.44E-02
1.00E+00 7.70E-01 406 6.49E-02 5.32E-02 5.47E-02
1.00E+00 7.95E-01 463 7.14E-02 5.33E-02 6.20E-02
1.00E+00 8.19E-01 418 7.85E-02 6.35E-02 7.38E-02
1.00E+00 8.44E-01 397 8.71E-02 7.06E-02 7.44E-02
1.00E+00 8.68E-01 502 9.94E-02 8.43E-02 8.22E-02
1.00E+00 8.92E-01 462 1.05E-01 8.03E-02 9.69E-02
1.00E+00 9.17E-01 427 1.33E-01 9.91E-02 9.81E-02
1.00E+00 9.42E-01 394 1.47E-01 1.00E-01 1.06E-01
1.00E+00 9.66E-01 437 1.57E-01 1.02E-01 1.09E-01
1.00E+00 9.91E-01 461 1.71E-01 9.53E-02 1.09E-01
1.00E+00 1.01E+00 544 1.90E-01 1.01E-01 1.04E-01
1.00E+00 1.04E+00 526 1.91E-01 9.05E-02 9.90E-02
1.00E+00 1.06E+00 609 1.61E-01 7.66E-02 9.85E-02
1.00E+00 1.09E+00 750 1.50E-01 7.78E-02 8.75E-02
1.00E+00 1.11E+00 805 1.31E-01 6.76E-02 7.87E-02
1.00E+00 1.14E+00 935 1.18E-01 6.67E-02 7.71E-02
1.00E+00 1.16E+00 958 1.06E-01 6.30E-02 7.13E-02
1.00E+00 1.19E+00 1000 1.01E-01 6.02E-02 6.85E-02
1.00E+00 1.21E+00 1009 9.89E-02 6.02E-02 6.63E-02
1.00E+00 1.24E+00 1001 8.61E-02 5.84E-02 6.20E-02
1.00E+00 1.26E+00 976 8.97E-02 5.66E-02 6.10E-02
1.00E+00 1.28E+00 951 8.34E-02 5.57E-02 6.22E-02
1.00E+00 1.31E+00 1039 8.07E-02 5.07E-02 6.18E-02
1.00E+00 1.33E+00 1063 7.96E-02 5.07E-02 5.92E-02
1.00E+00 1.36E+00 1009 7.91E-02 4.97E-02 5.46E-02
1.00E+00 1.38E+00 1010 7.64E-02 5.00E-02 5.53E-02
1.00E+00 1.41E+00 980 7.34E-02 4.75E-02 5.64E-02
1.00E+00 1.43E+00 1018 7.02E-02 4.82E-02 5.35E-02
1.00E+00 1.45E+00 1012 6.99E-02 4.46E-02 5.30E-02
1.00E+00 1.48E+00 978 6.95E-02 4.81E-02 5.12E-02
1.00E+00 1.50E+00 1028 7.01E-02 4.44E-02 5.14E-02
1.00E+00 1.53E+00 1022 6.43E-02 4.46E-02 5.01E-02
1.00E+00 1.55E+00 965 6.26E-02 4.29E-02 4.85E-02
1.00E+00 1.58E+00 933 6.30E-02 4.48E-02 4.96E-02
1.00E+00 1.60E+00 938 6.26E-02 4.06E-02 4.60E-02
1.00E+00 1.63E+00 968 5.95E-02 4.24E-02 4.63E-02
1.00E+00 1.65E+00 873 5.91E-02 4.08E-02 4.31E-02
1.00E+00 1.67E+00 941 5.61E-02 4.08E-02 4.59E-02
1.00E+00 1.70E+00 982 5.58E-02 4.15E-02 4.20E-02
1.00E+00 1.72E+00 968 5.71E-02 4.07E-02 4.00E-02
1.00E+00 1.75E+00 934 5.31E-02 3.89E-02 3.89E-02
1.00E+00 1.77E+00 891 5.30E-02 3.89E-02 3.88E-02
1.00E+00 1.80E+00 870 5.09E-02 3.81E-02 3.68E-02
1.00E+00 1.82E+00 897 4.69E-02 4.02E-02 3.83E-02
1.00E+00 1.85E+00 853 4.90E-02 3.84E-02 3.63E-02
1.00E+00 1.87E+00 916 4.62E-02 3.72E-02 3.70E-02
1.00E+00 1.89E+00 894 4.49E-02 3.67E-02 3.35E-02
1.00E+00 1.92E+00 858 4.52E-02 3.80E-02 3.47E-02
1.00E+00 1.94E+00 845 4.46E-02 3.68E-02 3.52E-02
1.00E+00 1.97E+00 809 4.41E-02 3.91E-02 3.41E-02
1.00E+00 1.99E+00 838 4.52E-02 3.77E-02 3.67E-02
1.00E+00 2.02E+00 756 4.43E-02 3.97E-02 3.58E-02
1.00E+00 2.04E+00 777 4.42E-02 3.83E-02 3.62E-02
1.00E+00 2.07E+00 785 4.47E-02 3.77E-02 3.69E-02
1.00E+00 2.09E+00 768 4.67E-02 3.87E-02 3.76E-02
1.00E+00 2.11E+00 814 4.97E-02 3.82E-02 3.61E-02
1.00E+00 2.14E+00 842 4.81E-02 3.98E-02 3.95E-02
1.00E+00 2.16E+00 789 5.50E-02 4.09E-02 3.68E-02
1.00E+00 2.19E+00 762 5.42E-02 4.20E-02 4.11E-02
1.00E+00 2.21E+00 797 5.56E-02 4.11E-02 4.02E-02
1.00E+00 2.24E+00 672 5.62E-02 4.16E-02 4.10E-02
1.00E+00 2.26E+00 747 5.88E-02 4.25E-02 4.43E-02
1.00E+00 2.29E+00 646 5.89E-02 4.22E-02 4.14E-02
1.00E+00 2.31E+00 623 5.86E-02 4.16E-02 4.30E-02
1.00E+00 2.33E+00 609 6.40E-02 4.62E-02 4.60E-02
1.00E+00 2.36E+00 603 6.25E-02 4.45E-02 4.85E-02
1.00E+00 2.38E+00 485 6.48E-02 4.28E-02 4.60E-02
1.00E+00 2.41E+00 494 6.47E-02 4.58E-02 4.89E-02
1.00E+00 2.43E+00 480 6.55E-02 4.70E-02 5.03E-02
1.00E+00 2.46E+00 391 6.72E-02 4.52E-02 5.25E-02
1.00E+00 2.48E+00 349 6.83E-02 4.91E-02 5.28E-02
1.00E+00 2.51E+00 270 7.26E-02 4.62E-02 5.67E-02
1.00E+00 2.53E+00 240 7.18E-02 5.05E-02 5.36E-02
1.00E+00 2.55E+00 261 7.38E-02 5.17E-02 5.73E-02
1.00E+00 2.58E+00 265 7.21E-02 5.59E-02 5.41E-02
1.00E+00 2.60E+00 323 7.21E-02 5.15E-02 5.78E-02
1.00E+00 2.63E+00 348 7.34E-02 5.02E-02 5.64E-02
1.00E+00 2.65E+00 384 7.54E-02 5.00E-02 5.61E-02
1.00E+00 2.68E+00 521 7.56E-02 4.90E-02 5.93E-02
1.00E+00 2.70E+00 570 8.35E-02 5.30E-02 6.02E-02
1.00E+00 2.73E+00 576 8.25E-02 5.09E-02 6.03E-02
1.00E+00 2.75E+00 630 8.38E-02 5.34E-02 6.46E-02
1.00E+00 2.77E+00 671 9.78E-02 5.42E-02 6.29E-02
1.00E+00 2.80E+00 614 1.01E-01 5.22E-02 6.55E-02
1.00E+00 2.82E+00 597 1.03E-01 5.07E-02 6.35E-02
1.00E+00 2.85E+00 570 1.06E-01 4.73E-02 6.29E-02
1.00E+00 2.87E+00 445 1.17E-01 4.73E-02 6.41E-02
1.00E+00 2.90E+00 340 1.10E-01 3.69E-02 6.29E-02
1.00E+00 2.92E+00 155 1.61E-01 3.09E-02 6.10E-02
1.00E+00 2.95E+00 254 1.16E-01 1.54E-02 3.85E-02
1.00E+00 2.96E+00 100 9.38E-02 9.22E-03 3.49E-02


#x/H z/H N ux_rms/Uc uz_rms/Uc uy_rms/Uc
2.02E+00 2.12E-02 25 2.20E-02 1.46E-02 1.49E-02
2.02E+00 3.73E-02 230 3.41E-02 1.46E-02 3.04E-02
2.02E+00 6.16E-02 209 6.37E-02 2.11E-02 4.28E-02
2.02E+00 8.61E-02 232 6.35E-02 2.42E-02 4.97E-02
2.02E+00 1.10E-01 242 6.75E-02 2.89E-02 5.37E-02
2.02E+00 1.34E-01 231 7.80E-02 3.32E-02 5.24E-02
2.02E+00 1.59E-01 227 8.50E-02 3.35E-02 5.96E-02
2.02E+00 1.83E-01 205 8.45E-02 3.77E-02 5.55E-02
2.02E+00 2.08E-01 242 8.11E-02 4.08E-02 5.38E-02
2.02E+00 2.32E-01 238 7.90E-02 4.33E-02 5.71E-02
2.02E+00 2.57E-01 219 8.54E-02 4.65E-02 6.17E-02
2.02E+00 2.80E-01 226 8.17E-02 4.76E-02 5.94E-02
2.02E+00 3.06E-01 244 8.32E-02 4.73E-02 5.45E-02
2.02E+00 3.30E-01 224 7.51E-02 4.96E-02 5.98E-02
2.02E+00 3.55E-01 214 7.73E-02 4.51E-02 5.74E-02
2.02E+00 3.79E-01 240 7.89E-02 4.80E-02 6.72E-02
2.02E+00 4.03E-01 211 7.34E-02 5.69E-02 6.66E-02
2.02E+00 4.28E-01 249 8.22E-02 5.56E-02 5.82E-02
2.02E+00 4.53E-01 253 8.58E-02 6.09E-02 6.48E-02
2.02E+00 4.77E-01 221 8.18E-02 6.31E-02 6.56E-02
2.02E+00 5.02E-01 226 8.82E-02 7.04E-02 6.64E-02
2.02E+00 5.26E-01 182 9.08E-02 7.25E-02 7.02E-02
2.02E+00 5.51E-01 238 8.87E-02 7.81E-02 7.18E-02
2.02E+00 5.74E-01 213 9.27E-02 7.47E-02 8.24E-02
2.02E+00 6.00E-01 206 8.77E-02 8.64E-02 7.87E-02
2.02E+00 6.22E-01 192 8.53E-02 8.70E-02 7.62E-02
2.02E+00 6.48E-01 194 9.85E-02 7.85E-02 8.27E-02
2.02E+00 6.73E-01 196 1.18E-01 9.40E-02 9.76E-02
2.02E+00 6.97E-01 244 1.03E-01 1.02E-01 9.77E-02
2.02E+00 7.21E-01 214 1.11E-01 9.16E-02 1.01E-01
2.02E+00 7.46E-01 197 1.08E-01 9.61E-02 9.69E-02
2.02E+00 7.70E-01 211 1.31E-01 1.03E-01 1.00E-01
2.02E+00 7.95E-01 221 1.41E-01 1.15E-01 1.17E-01
2.02E+00 8.18E-01 206 1.33E-01 1.10E-01 1.18E-01
2.02E+00 8.44E-01 186 1.49E-01 1.16E-01 1.22E-01
2.02E+00 8.68E-01 225 1.44E-01 1.10E-01 1.32E-01
2.02E+00 8.93E-01 243 1.64E-01 1.33E-01 1.38E-01
2.02E+00 9.17E-01 194 1.81E-01 1.24E-01 1.41E-01
2.02E+00 9.43E-01 204 1.64E-01 1.20E-01 1.29E-01
2.02E+00 9.66E-01 206 1.71E-01 1.12E-01 1.37E-01
2.02E+00 9.91E-01 210 1.75E-01 1.22E-01 1.34E-01
2.02E+00 1.01E+00 225 1.72E-01 1.22E-01 1.28E-01
2.02E+00 1.04E+00 200 1.77E-01 1.21E-01 1.37E-01
2.02E+00 1.06E+00 240 1.72E-01 1.11E-01 1.32E-01
2.02E+00 1.09E+00 295 1.52E-01 1.00E-01 1.24E-01
2.02E+00 1.11E+00 269 1.59E-01 9.74E-02 1.09E-01
2.02E+00 1.14E+00 328 1.44E-01 9.44E-02 1.09E-01
2.02E+00 1.16E+00 336 1.38E-01 9.19E-02 9.32E-02
2.02E+00 1.19E+00 329 1.22E-01 8.35E-02 8.90E-02
2.02E+00 1.21E+00 376 1.17E-01 7.17E-02 8.45E-02
2.02E+00 1.23E+00 440 1.14E-01 7.22E-02 8.18E-02
2.02E+00 1.26E+00 439 1.04E-01 6.66E-02 7.67E-02
2.02E+00 1.28E+00 439 8.86E-02 6.34E-02 6.78E-02
2.02E+00 1.31E+00 545 8.76E-02 6.13E-02 7.12E-02
2.02E+00 1.33E+00 506 8.80E-02 5.65E-02 6.67E-02
2.02E+00 1.36E+00 526 8.03E-02 5.85E-02 5.52E-02
2.02E+00 1.38E+00 524 7.86E-02 5.56E-02 6.09E-02
2.02E+00 1.41E+00 494 7.39E-02 4.85E-02 5.70E-02
2.02E+00 1.43E+00 533 7.36E-02 4.61E-02 5.52E-02
2.02E+00 1.46E+00 542 6.75E-02 4.71E-02 5.31E-02
2.02E+00 1.48E+00 525 6.71E-02 5.08E-02 5.24E-02
2.02E+00 1.50E+00 563 6.07E-02 4.83E-02 4.93E-02
2.02E+00 1.53E+00 566 6.77E-02 4.49E-02 5.07E-02
2.02E+00 1.55E+00 562 6.35E-02 4.56E-02 4.39E-02
2.02E+00 1.58E+00 580 6.05E-02 4.54E-02 4.73E-02
2.02E+00 1.60E+00 604 5.81E-02 4.15E-02 4.65E-02
2.02E+00 1.63E+00 581 6.01E-02 4.25E-02 4.45E-02
2.02E+00 1.65E+00 604 5.52E-02 4.25E-02 4.38E-02
2.02E+00 1.67E+00 586 5.60E-02 3.92E-02 4.20E-02
2.02E+00 1.70E+00 595 5.53E-02 4.08E-02 4.23E-02
2.02E+00 1.72E+00 598 5.49E-02 3.93E-02 4.02E-02
2.02E+00 1.75E+00 577 4.90E-02 3.94E-02 3.96E-02
2.02E+00 1.77E+00 673 5.32E-02 3.96E-02 3.90E-02
2.02E+00 1.80E+00 645 5.09E-02 4.02E-02 3.62E-02
2.02E+00 1.82E+00 628 4.91E-02 3.91E-02 3.70E-02
2.02E+00 1.85E+00 630 4.63E-02 3.61E-02 3.44E-02
2.02E+00 1.87E+00 643 4.70E-02 3.71E-02 3.57E-02
2.02E+00 1.90E+00 636 4.36E-02 3.77E-02 3.70E-02
2.02E+00 1.92E+00 642 4.53E-02 3.63E-02 3.48E-02
2.02E+00 1.94E+00 652 4.20E-02 3.54E-02 3.31E-02
2.02E+00 1.97E+00 652 4.61E-02 3.66E-02 3.40E-02
2.02E+00 1.99E+00 668 4.32E-02 3.58E-02 3.56E-02
2.02E+00 2.02E+00 725 4.42E-02 3.78E-02 3.54E-02
2.02E+00 2.04E+00 673 4.34E-02 3.64E-02 3.43E-02
2.02E+00 2.07E+00 663 4.53E-02 3.64E-02 3.46E-02
2.02E+00 2.09E+00 641 4.68E-02 3.66E-02 3.80E-02
2.02E+00 2.11E+00 623 4.76E-02 3.92E-02 3.69E-02
2.02E+00 2.14E+00 644 4.61E-02 3.72E-02 3.79E-02
2.02E+00 2.16E+00 607 4.90E-02 3.89E-02 3.86E-02
2.02E+00 2.19E+00 601 5.23E-02 3.95E-02 3.84E-02
2.02E+00 2.21E+00 610 5.31E-02 3.77E-02 4.08E-02
2.02E+00 2.24E+00 594 5.36E-02 4.17E-02 3.98E-02
2.02E+00 2.26E+00 549 5.67E-02 4.15E-02 3.89E-02
2.02E+00 2.29E+00 545 5.51E-02 3.88E-02 4.46E-02
2.02E+00 2.31E+00 549 6.08E-02 3.97E-02 4.19E-02
2.02E+00 2.34E+00 564 6.13E-02 4.21E-02 4.46E-02
2.02E+00 2.36E+00 526 6.15E-02 3.99E-02 4.45E-02
2.02E+00 2.38E+00 499 6.39E-02 4.30E-02 4.76E-02
2.02E+00 2.41E+00 506 6.14E-02 4.55E-02 4.82E-02
2.02E+00 2.43E+00 493 6.10E-02 4.39E-02 4.86E-02
2.02E+00 2.46E+00 447 6.53E-02 4.32E-02 4.78E-02
2.02E+00 2.48E+00 423 6.62E-02 4.67E-02 5.17E-02
2.02E+00 2.51E+00 447 6.85E-02 4.64E-02 5.37E-02
2.02E+00 2.53E+00 431 7.12E-02 4.73E-02 5.49E-02
2.02E+00 2.55E+00 433 7.25E-02 4.89E-02 5.29E-02
2.02E+00 2.58E+00 463 7.63E-02 5.07E-02 5.61E-02
2.02E+00 2.60E+00 453 7.14E-02 4.80E-02 5.73E-02
2.02E+00 2.63E+00 448 7.61E-02 5.01E-02 5.98E-02
2.02E+00 2.65E+00 468 8.28E-02 5.08E-02 5.99E-02
2.02E+00 2.68E+00 478 8.86E-02 4.78E-02 6.24E-02
2.02E+00 2.70E+00 462 8.29E-02 5.45E-02 6.05E-02
2.02E+00 2.73E+00 460 8.33E-02 5.10E-02 6.43E-02
2.02E+00 2.75E+00 481 9.26E-02 5.32E-02 6.61E-02
2.02E+00 2.77E+00 477 8.59E-02 4.92E-02 6.34E-02
2.02E+00 2.80E+00 489 9.52E-02 4.67E-02 6.63E-02
2.02E+00 2.82E+00 519 1.09E-01 5.03E-02 6.49E-02
2.02E+00 2.85E+00 532 1.15E-01 4.54E-02 6.36E-02
2.02E+00 2.87E+00 523 1.29E-01 4.53E-02 6.19E-02
2.02E+00 2.90E+00 488 1.35E-01 3.47E-02 5.87E-02
2.02E+00 2.92E+00 524 1.40E-01 3.11E-02 5.34E-02
2.02E+00 2.95E+00 501 1.34E-01 1.75E-02 4.61E-02
2.02E+00 2.96E+00 160 1.40E-01 1.18E-02 3.01E-02


#x/H z/H N ux_rms/Uc uz_rms/Uc uy_rms/Uc
3.00E+00 2.10E-02 1 3.22E-09 4.60E-11 1.03E-09
3.00E+00 4.10E-02 13 2.83E-02 2.40E-02 3.29E-02
3.00E+00 6.14E-02 29 7.33E-02 3.34E-02 7.67E-02
3.00E+00 8.62E-02 27 8.01E-02 3.01E-02 6.99E-02
3.00E+00 1.11E-01 40 7.41E-02 6.68E-02 9.80E-02
3.00E+00 1.35E-01 26 6.97E-02 4.16E-02 8.47E-02
3.00E+00 1.61E-01 21 6.12E-02 6.57E-02 7.94E-02
3.00E+00 1.84E-01 14 5.88E-02 4.15E-02 7.59E-02
3.00E+00 2.10E-01 35 8.90E-02 8.23E-02 8.05E-02
3.00E+00 2.29E-01 20 5.69E-02 5.98E-02 7.87E-02
3.00E+00 2.57E-01 27 8.28E-02 5.69E-02 1.09E-01
3.00E+00 2.80E-01 31 4.25E-02 5.80E-02 1.04E-01
3.00E+00 3.06E-01 9 3.72E-02 4.49E-02 3.32E-02
3.00E+00 3.29E-01 39 1.02E-01 1.13E-01 6.43E-02
3.00E+00 3.52E-01 24 1.24E-01 1.05E-01 8.90E-02
3.00E+00 3.78E-01 46 1.13E-01 8.72E-02 9.46E-02
3.00E+00 4.05E-01 55 1.21E-01 9.44E-02 8.90E-02
3.00E+00 4.28E-01 72 1.13E-01 8.26E-02 9.51E-02
3.00E+00 4.52E-01 66 1.18E-01 8.70E-02 1.22E-01
3.00E+00 4.76E-01 47 1.55E-01 7.65E-02 1.14E-01
3.00E+00 5.03E-01 53 1.48E-01 9.48E-02 1.48E-01
3.00E+00 5.26E-01 63 1.49E-01 9.91E-02 1.05E-01
3.00E+00 5.50E-01 55 1.44E-01 9.12E-02 9.57E-02
3.00E+00 5.75E-01 38 1.65E-01 1.09E-01 1.19E-01
3.00E+00 6.00E-01 52 1.31E-01 1.09E-01 1.04E-01
3.00E+00 6.24E-01 71 1.48E-01 1.07E-01 1.29E-01
3.00E+00 6.49E-01 69 1.36E-01 9.81E-02 1.44E-01
3.00E+00 6.72E-01 71 1.55E-01 9.63E-02 1.36E-01
3.00E+00 6.97E-01 85 1.71E-01 1.10E-01 1.67E-01
3.00E+00 7.21E-01 66 1.52E-01 1.02E-01 1.45E-01
3.00E+00 7.46E-01 38 1.53E-01 1.09E-01 1.37E-01
3.00E+00 7.69E-01 84 1.39E-01 1.21E-01 1.48E-01
3.00E+00 7.96E-01 99 1.68E-01 1.02E-01 1.21E-01
3.00E+00 8.19E-01 86 1.61E-01 1.35E-01 1.08E-01
3.00E+00 8.43E-01 93 1.80E-01 1.08E-01 1.35E-01
3.00E+00 8.68E-01 93 1.71E-01 1.05E-01 1.34E-01
3.00E+00 8.93E-01 113 1.62E-01 1.22E-01 1.36E-01
3.00E+00 9.17E-01 123 1.62E-01 1.21E-01 1.38E-01
3.00E+00 9.42E-01 147 1.59E-01 1.12E-01 1.38E-01
3.00E+00 9.65E-01 126 1.58E-01 1.17E-01 1.36E-01
3.00E+00 9.91E-01 109 1.56E-01 1.34E-01 1.44E-01
3.00E+00 1.01E+00 181 1.65E-01 1.20E-01 1.50E-01
3.00E+00 1.04E+00 179 1.74E-01 1.14E-01 1.38E-01
3.00E+00 1.06E+00 206 1.65E-01 1.07E-01 1.39E-01
3.00E+00 1.09E+00 187 1.70E-01 1.06E-01 1.19E-01
3.00E+00 1.11E+00 224 1.58E-01 9.96E-02 1.18E-01
3.00E+00 1.14E+00 226 1.47E-01 1.01E-01 1.04E-01
3.00E+00 1.16E+00 254 1.44E-01 9.98E-02 1.08E-01
3.00E+00 1.19E+00 257 1.40E-01 8.99E-02 9.97E-02
3.00E+00 1.21E+00 261 1.28E-01 9.89E-02 1.01E-01
3.00E+00 1.24E+00 298 1.24E-01 8.97E-02 9.22E-02
3.00E+00 1.26E+00 298 1.27E-01 8.77E-02 8.46E-02
3.00E+00 1.28E+00 354 1.11E-01 7.97E-02 8.83E-02
3.00E+00 1.31E+00 326 1.04E-01 7.42E-02 7.06E-02
3.00E+00 1.33E+00 325 9.35E-02 6.86E-02 6.52E-02
3.00E+00 1.36E+00 390 8.68E-02 5.98E-02 6.60E-02
3.00E+00 1.38E+00 419 7.82E-02 6.11E-02 5.74E-02
3.00E+00 1.41E+00 419 7.89E-02 6.08E-02 5.70E-02
3.00E+00 1.43E+00 464 7.11E-02 5.23E-02 5.78E-02
3.00E+00 1.45E+00 476 7.59E-02 5.55E-02 5.72E-02
3.00E+00 1.48E+00 470 6.97E-02 5.08E-02 5.72E-02
3.00E+00 1.50E+00 464 7.25E-02 4.59E-02 5.14E-02
3.00E+00 1.53E+00 520 6.45E-02 4.83E-02 5.23E-02
3.00E+00 1.55E+00 497 6.46E-02 4.43E-02 5.09E-02
3.00E+00 1.58E+00 504 6.01E-02 4.04E-02 4.52E-02
3.00E+00 1.60E+00 600 6.25E-02 4.40E-02 4.53E-02
3.00E+00 1.63E+00 503 5.72E-02 4.16E-02 4.47E-02
3.00E+00 1.65E+00 584 5.76E-02 4.23E-02 4.33E-02
3.00E+00 1.67E+00 581 5.79E-02 3.99E-02 4.16E-02
3.00E+00 1.70E+00 589 5.58E-02 3.80E-02 3.89E-02
3.00E+00 1.72E+00 602 5.16E-02 3.96E-02 4.06E-02
3.00E+00 1.75E+00 607 5.33E-02 3.96E-02 3.86E-02
3.00E+00 1.77E+00 617 5.29E-02 3.95E-02 3.83E-02
3.00E+00 1.80E+00 621 4.63E-02 3.55E-02 3.61E-02
3.00E+00 1.82E+00 668 4.87E-02 3.76E-02 3.76E-02
3.00E+00 1.85E+00 750 4.73E-02 3.81E-02 3.54E-02
3.00E+00 1.87E+00 706 4.61E-02 3.82E-02 3.56E-02
3.00E+00 1.89E+00 736 4.39E-02 3.61E-02 3.55E-02
3.00E+00 1.92E+00 717 4.44E-02 3.43E-02 3.40E-02
3.00E+00 1.94E+00 707 4.50E-02 3.78E-02 3.39E-02
3.00E+00 1.97E+00 753 4.54E-02 3.68E-02 3.66E-02
3.00E+00 1.99E+00 716 4.36E-02 3.47E-02 3.38E-02
3.00E+00 2.02E+00 753 4.42E-02 3.60E-02 3.69E-02
3.00E+00 2.04E+00 766 4.47E-02 3.66E-02 3.67E-02
3.00E+00 2.07E+00 724 4.74E-02 3.66E-02 3.46E-02
3.00E+00 2.09E+00 740 4.67E-02 3.74E-02 3.43E-02
3.00E+00 2.12E+00 785 4.86E-02 3.72E-02 3.75E-02
3.00E+00 2.14E+00 768 4.77E-02 3.79E-02 3.82E-02
3.00E+00 2.16E+00 782 5.10E-02 3.78E-02 3.85E-02
3.00E+00 2.19E+00 733 5.46E-02 3.96E-02 3.78E-02
3.00E+00 2.21E+00 724 5.59E-02 3.99E-02 4.36E-02
3.00E+00 2.24E+00 719 5.30E-02 4.06E-02 4.08E-02
3.00E+00 2.26E+00 725 5.70E-02 4.01E-02 4.24E-02
3.00E+00 2.29E+00 698 5.77E-02 4.20E-02 4.48E-02
3.00E+00 2.31E+00 697 6.07E-02 4.43E-02 4.67E-02
3.00E+00 2.34E+00 660 6.43E-02 4.24E-02 4.84E-02
3.00E+00 2.36E+00 652 5.83E-02 4.20E-02 4.71E-02
3.00E+00 2.38E+00 654 6.40E-02 4.37E-02 4.90E-02
3.00E+00 2.41E+00 691 6.43E-02 4.31E-02 4.78E-02
3.00E+00 2.43E+00 611 6.84E-02 4.24E-02 4.68E-02
3.00E+00 2.46E+00 626 6.67E-02 4.58E-02 5.29E-02
3.00E+00 2.48E+00 623 7.09E-02 4.77E-02 5.22E-02
3.00E+00 2.51E+00 594 7.61E-02 4.56E-02 5.31E-02
3.00E+00 2.53E+00 598 7.01E-02 4.55E-02 5.44E-02
3.00E+00 2.55E+00 593 7.52E-02 4.70E-02 5.85E-02
3.00E+00 2.58E+00 592 7.95E-02 4.77E-02 5.85E-02
3.00E+00 2.60E+00 587 7.85E-02 4.83E-02 6.06E-02
3.00E+00 2.63E+00 601 7.98E-02 4.86E-02 5.84E-02
3.00E+00 2.65E+00 534 8.16E-02 5.06E-02 6.30E-02
3.00E+00 2.68E+00 576 8.82E-02 4.89E-02 6.23E-02
3.00E+00 2.70E+00 572 9.15E-02 5.14E-02 6.26E-02
3.00E+00 2.73E+00 618 9.06E-02 5.37E-02 6.35E-02
3.00E+00 2.75E+00 558 9.82E-02 5.25E-02 6.50E-02
3.00E+00 2.78E+00 603 1.02E-01 5.36E-02 6.50E-02
3.00E+00 2.80E+00 584 1.07E-01 4.84E-02 6.57E-02
3.00E+00 2.82E+00 600 1.07E-01 4.80E-02 6.80E-02
3.00E+00 2.85E+00 611 1.18E-01 4.70E-02 6.53E-02
3.00E+00 2.87E+00 564 1.33E-01 4.31E-02 6.38E-02
3.00E+00 2.90E+00 560 1.42E-01 3.35E-02 6.59E-02
3.00E+00 2.92E+00 523 1.53E-01 2.83E-02 5.74E-02
3.00E+00 2.95E+00 538 1.29E-01 1.59E-02 4.37E-02
3.00E+00 2.96E+00 148 7.92E-02 9.63E-03 2.53E-02


#x/H z/H N ux_rms/Uc uz_rms/Uc uy_rms/Uc
4.02E+00 2.03E-02 27 3.63E-02 1.33E-02 3.73E-02
4.02E+00 3.83E-02 197 7.03E-02 2.40E-02 8.82E-02
4.02E+00 6.16E-02 213 8.14E-02 4.00E-02 8.67E-02
4.02E+00 8.62E-02 188 8.81E-02 6.37E-02 9.92E-02
4.02E+00 1.11E-01 153 8.76E-02 6.56E-02 8.32E-02
4.02E+00 1.35E-01 186 9.43E-02 7.06E-02 1.08E-01
4.02E+00 1.59E-01 154 1.08E-01 7.69E-02 9.97E-02
4.02E+00 1.84E-01 192 9.77E-02 7.77E-02 9.36E-02
4.02E+00 2.07E-01 176 1.22E-01 7.43E-02 8.58E-02
4.02E+00 2.32E-01 187 9.25E-02 7.98E-02 1.02E-01
4.02E+00 2.57E-01 212 9.93E-02 9.13E-02 1.08E-01
4.02E+00 2.81E-01 212 1.14E-01 9.47E-02 1.07E-01
4.02E+00 3.06E-01 223 1.25E-01 1.03E-01 9.69E-02
4.02E+00 3.31E-01 207 1.27E-01 1.01E-01 1.05E-01
4.02E+00 3.55E-01 256 1.19E-01 9.94E-02 1.21E-01
4.02E+00 3.79E-01 200 1.26E-01 1.08E-01 1.14E-01
4.02E+00 4.03E-01 285 1.34E-01 1.05E-01 1.09E-01
4.02E+00 4.28E-01 203 1.63E-01 1.13E-01 1.34E-01
4.02E+00 4.52E-01 233 1.44E-01 1.16E-01 1.36E-01
4.02E+00 4.77E-01 199 1.34E-01 1.22E-01 1.32E-01
4.02E+00 5.02E-01 228 1.40E-01 1.12E-01 1.34E-01
4.02E+00 5.25E-01 240 1.35E-01 1.15E-01 1.37E-01
4.02E+00 5.50E-01 246 1.58E-01 1.18E-01 1.16E-01
4.02E+00 5.74E-01 241 1.55E-01 1.11E-01 1.42E-01
4.02E+00 5.98E-01 248 1.78E-01 1.14E-01 1.39E-01
4.02E+00 6.23E-01 267 1.61E-01 1.22E-01 1.34E-01
4.02E+00 6.48E-01 237 1.66E-01 1.23E-01 1.31E-01
4.02E+00 6.72E-01 229 1.62E-01 1.31E-01 1.41E-01
4.02E+00 6.97E-01 211 1.70E-01 1.33E-01 1.48E-01
4.02E+00 7.21E-01 224 1.84E-01 1.33E-01 1.38E-01
4.02E+00 7.47E-01 217 1.89E-01 1.32E-01 1.33E-01
4.02E+00 7.71E-01 262 1.75E-01 1.28E-01 1.41E-01
4.02E+00 7.95E-01 237 1.66E-01 1.22E-01 1.47E-01
4.02E+00 8.19E-01 244 1.73E-01 1.20E-01 1.52E-01
4.02E+00 8.44E-01 294 1.67E-01 1.11E-01 1.45E-01
4.02E+00 8.68E-01 306 1.71E-01 1.19E-01 1.48E-01
4.02E+00 8.93E-01 280 1.76E-01 1.20E-01 1.28E-01
4.02E+00 9.17E-01 321 1.64E-01 1.21E-01 1.48E-01
4.02E+00 9.41E-01 306 1.68E-01 1.21E-01 1.22E-01
4.02E+00 9.66E-01 360 1.66E-01 1.23E-01 1.33E-01
4.02E+00 9.91E-01 316 1.59E-01 1.15E-01 1.23E-01
4.02E+00 1.01E+00 344 1.50E-01 1.05E-01 1.35E-01
4.02E+00 1.04E+00 383 1.51E-01 9.41E-02 1.28E-01
4.02E+00 1.06E+00 386 1.57E-01 9.60E-02 1.13E-01
4.02E+00 1.09E+00 387 1.48E-01 1.06E-01 1.12E-01
4.02E+00 1.11E+00 413 1.50E-01 1.03E-01 1.18E-01
4.02E+00 1.14E+00 446 1.37E-01 9.33E-02 1.03E-01
4.02E+00 1.16E+00 472 1.47E-01 9.40E-02 1.05E-01
4.02E+00 1.19E+00 460 1.31E-01 9.10E-02 9.93E-02
4.02E+00 1.21E+00 490 1.31E-01 8.51E-02 8.98E-02
4.02E+00 1.23E+00 562 1.17E-01 8.63E-02 9.40E-02
4.02E+00 1.26E+00 504 1.14E-01 7.82E-02 8.25E-02
4.02E+00 1.28E+00 549 1.05E-01 7.60E-02 8.21E-02
4.02E+00 1.31E+00 596 9.49E-02 6.81E-02 7.61E-02
4.02E+00 1.33E+00 618 1.01E-01 6.92E-02 7.31E-02
4.02E+00 1.36E+00 601 9.06E-02 6.79E-02 6.88E-02
4.02E+00 1.38E+00 606 8.63E-02 6.19E-02 6.08E-02
4.02E+00 1.41E+00 680 7.52E-02 5.82E-02 6.26E-02
4.02E+00 1.43E+00 731 7.55E-02 5.88E-02 5.89E-02
4.02E+00 1.45E+00 711 7.44E-02 5.29E-02 5.82E-02
4.02E+00 1.48E+00 696 7.28E-02 5.15E-02 5.40E-02
4.02E+00 1.50E+00 699 6.91E-02 5.48E-02 5.21E-02
4.02E+00 1.53E+00 755 6.40E-02 4.82E-02 4.93E-02
4.02E+00 1.55E+00 738 6.15E-02 4.94E-02 4.62E-02
4.02E+00 1.58E+00 771 5.92E-02 4.66E-02 4.71E-02
4.02E+00 1.60E+00 744 5.71E-02 4.37E-02 4.34E-02
4.02E+00 1.63E+00 738 5.69E-02 4.60E-02 4.51E-02
4.02E+00 1.65E+00 790 5.74E-02 4.50E-02 4.29E-02
4.02E+00 1.67E+00 746 5.45E-02 4.05E-02 4.12E-02
4.02E+00 1.70E+00 768 5.09E-02 4.11E-02 3.95E-02
4.02E+00 1.72E+00 745 5.02E-02 4.05E-02 3.87E-02
4.02E+00 1.75E+00 774 5.01E-02 4.05E-02 3.85E-02
4.02E+00 1.77E+00 767 5.25E-02 3.89E-02 3.83E-02
4.02E+00 1.80E+00 782 4.62E-02 4.04E-02 3.57E-02
4.02E+00 1.82E+00 768 4.64E-02 3.80E-02 3.43E-02
4.02E+00 1.85E+00 703 4.56E-02 3.63E-02 3.57E-02
4.02E+00 1.87E+00 777 4.43E-02 3.66E-02 3.74E-02
4.02E+00 1.90E+00 808 4.62E-02 3.73E-02 3.66E-02
4.02E+00 1.92E+00 767 4.41E-02 3.78E-02 3.55E-02
4.02E+00 1.94E+00 734 4.38E-02 3.70E-02 3.60E-02
4.02E+00 1.97E+00 757 4.31E-02 3.83E-02 3.50E-02
4.02E+00 1.99E+00 739 4.35E-02 3.48E-02 3.50E-02
4.02E+00 2.02E+00 742 4.59E-02 3.66E-02 3.70E-02
4.02E+00 2.04E+00 696 4.67E-02 3.72E-02 3.50E-02
4.02E+00 2.07E+00 715 4.51E-02 3.64E-02 3.62E-02
4.02E+00 2.09E+00 663 5.02E-02 3.66E-02 3.62E-02
4.02E+00 2.11E+00 666 4.97E-02 3.81E-02 4.08E-02
4.02E+00 2.14E+00 596 5.20E-02 3.78E-02 3.84E-02
4.02E+00 2.16E+00 616 5.16E-02 3.93E-02 3.83E-02
4.02E+00 2.19E+00 656 5.30E-02 3.79E-02 4.33E-02
4.02E+00 2.21E+00 616 5.45E-02 3.75E-02 3.98E-02
4.02E+00 2.24E+00 707 5.84E-02 3.91E-02 4.39E-02
4.02E+00 2.26E+00 652 5.90E-02 3.96E-02 4.28E-02
4.02E+00 2.29E+00 627 6.48E-02 4.30E-02 4.53E-02
4.02E+00 2.31E+00 658 6.14E-02 4.06E-02 4.34E-02
4.02E+00 2.34E+00 638 6.42E-02 4.13E-02 4.88E-02
4.02E+00 2.36E+00 637 6.38E-02 4.37E-02 4.85E-02
4.02E+00 2.38E+00 629 6.66E-02 4.30E-02 5.01E-02
4.02E+00 2.41E+00 647 6.91E-02 4.44E-02 5.29E-02
4.02E+00 2.43E+00 629 7.06E-02 4.49E-02 4.90E-02
4.02E+00 2.46E+00 644 7.09E-02 4.59E-02 5.47E-02
4.02E+00 2.48E+00 682 7.72E-02 4.37E-02 5.39E-02
4.02E+00 2.51E+00 681 7.32E-02 4.46E-02 5.45E-02
4.02E+00 2.53E+00 602 7.59E-02 4.55E-02 5.70E-02
4.02E+00 2.56E+00 606 8.16E-02 4.96E-02 5.65E-02
4.02E+00 2.58E+00 538 8.10E-02 4.64E-02 5.67E-02
4.02E+00 2.60E+00 597 8.48E-02 4.89E-02 6.11E-02
4.02E+00 2.63E+00 596 8.08E-02 4.93E-02 5.93E-02
4.02E+00 2.65E+00 533 8.37E-02 4.73E-02 6.32E-02
4.02E+00 2.68E+00 571 8.74E-02 4.83E-02 6.32E-02
4.02E+00 2.70E+00 545 9.00E-02 5.06E-02 6.57E-02
4.02E+00 2.73E+00 553 9.31E-02 5.12E-02 6.50E-02
4.02E+00 2.75E+00 487 9.48E-02 5.07E-02 7.13E-02
4.02E+00 2.78E+00 482 9.74E-02 5.10E-02 6.87E-02
4.02E+00 2.80E+00 551 1.04E-01 5.31E-02 6.88E-02
4.02E+00 2.82E+00 511 1.09E-01 4.94E-02 7.25E-02
4.02E+00 2.85E+00 542 1.15E-01 4.93E-02 6.88E-02
4.02E+00 2.87E+00 497 1.26E-01 4.33E-02 6.91E-02
4.02E+00 2.90E+00 487 1.42E-01 3.84E-02 6.49E-02
4.02E+00 2.92E+00 466 1.36E-01 2.78E-02 5.77E-02
4.02E+00 2.95E+00 438 1.23E-01 1.75E-02 4.68E-02
4.02E+00 2.96E+00 141 7.70E-02 9.06E-03 3.32E-02


#x/H z/H N ux_rms/Uc uz_rms/Uc uy_rms/Uc
5.00E+00 2.13E-02 55 3.24E-02 1.55E-02 3.41E-02
5.00E+00 3.75E-02 361 6.50E-02 2.01E-02 6.26E-02
5.00E+00 6.03E-02 325 9.55E-02 4.69E-02 8.46E-02
5.00E+00 8.59E-02 295 1.00E-01 5.97E-02 8.95E-02
5.00E+00 1.10E-01 312 9.28E-02 7.38E-02 9.06E-02
5.00E+00 1.35E-01 287 1.11E-01 8.16E-02 1.12E-01
5.00E+00 1.58E-01 289 1.05E-01 8.50E-02 9.72E-02
5.00E+00 1.83E-01 291 9.99E-02 8.81E-02 1.07E-01
5.00E+00 2.08E-01 284 1.14E-01 9.16E-02 9.95E-02
5.00E+00 2.33E-01 251 1.17E-01 1.07E-01 1.04E-01
5.00E+00 2.56E-01 241 1.34E-01 1.03E-01 1.05E-01
5.00E+00 2.82E-01 255 1.30E-01 1.15E-01 1.12E-01
5.00E+00 3.06E-01 307 1.25E-01 1.01E-01 1.19E-01
5.00E+00 3.29E-01 244 1.33E-01 1.09E-01 1.16E-01
5.00E+00 3.54E-01 239 1.36E-01 1.12E-01 1.30E-01
5.00E+00 3.79E-01 253 1.40E-01 1.15E-01 1.17E-01
5.00E+00 4.04E-01 245 1.50E-01 1.24E-01 1.15E-01
5.00E+00 4.28E-01 263 1.61E-01 1.21E-01 1.20E-01
5.00E+00 4.52E-01 290 1.43E-01 1.29E-01 1.32E-01
5.00E+00 4.76E-01 244 1.45E-01 1.16E-01 1.26E-01
5.00E+00 5.02E-01 255 1.57E-01 1.28E-01 1.31E-01
5.00E+00 5.25E-01 225 1.56E-01 1.14E-01 1.24E-01
5.00E+00 5.51E-01 220 1.54E-01 1.25E-01 1.15E-01
5.00E+00 5.74E-01 234 1.47E-01 1.05E-01 1.32E-01
5.00E+00 5.98E-01 269 1.66E-01 1.29E-01 1.30E-01
5.00E+00 6.23E-01 289 1.66E-01 1.14E-01 1.52E-01
5.00E+00 6.48E-01 225 1.56E-01 1.33E-01 1.35E-01
5.00E+00 6.74E-01 214 1.60E-01 1.13E-01 1.40E-01
5.00E+00 6.97E-01 224 1.56E-01 1.12E-01 1.45E-01
5.00E+00 7.21E-01 227 1.70E-01 1.23E-01 1.57E-01
5.00E+00 7.46E-01 192 1.79E-01 1.30E-01 1.42E-01
5.00E+00 7.71E-01 200 1.60E-01 1.21E-01 1.50E-01
5.00E+00 7.95E-01 168 1.78E-01 1.28E-01 1.49E-01
5.00E+00 8.19E-01 195 1.71E-01 1.31E-01 1.39E-01
5.00E+00 8.44E-01 217 1.43E-01 1.12E-01 1.46E-01
5.00E+00 8.67E-01 233 1.80E-01 1.13E-01 1.38E-01
5.00E+00 8.93E-01 215 1.82E-01 1.15E-01 1.42E-01
5.00E+00 9.17E-01 226 1.64E-01 1.13E-01 1.25E-01
5.00E+00 9.42E-01 209 1.59E-01 1.05E-01 1.37E-01
5.00E+00 9.66E-01 219 1.80E-01 1.15E-01 1.39E-01
5.00E+00 9.90E-01 230 1.76E-01 1.03E-01 1.33E-01
5.00E+00 1.01E+00 243 1.51E-01 1.03E-01 1.34E-01
5.00E+00 1.04E+00 231 1.43E-01 1.06E-01 1.31E-01
5.00E+00 1.06E+00 221 1.57E-01 1.00E-01 1.14E-01
5.00E+00 1.09E+00 258 1.65E-01 1.05E-01 1.13E-01
5.00E+00 1.11E+00 214 1.51E-01 9.34E-02 1.03E-01
5.00E+00 1.14E+00 276 1.30E-01 8.83E-02 1.05E-01
5.00E+00 1.16E+00 250 1.22E-01 8.24E-02 9.57E-02
5.00E+00 1.19E+00 301 1.26E-01 8.80E-02 1.02E-01
5.00E+00 1.21E+00 268 1.19E-01 8.38E-02 1.02E-01
5.00E+00 1.23E+00 275 1.03E-01 7.07E-02 8.88E-02
5.00E+00 1.26E+00 275 1.06E-01 7.89E-02 8.03E-02
5.00E+00 1.28E+00 288 9.79E-02 6.74E-02 8.56E-02
5.00E+00 1.31E+00 311 1.07E-01 7.23E-02 7.24E-02
5.00E+00 1.33E+00 311 1.01E-01 7.17E-02 6.48E-02
5.00E+00 1.36E+00 301 8.94E-02 6.97E-02 6.86E-02
5.00E+00 1.38E+00 356 8.26E-02 6.29E-02 6.55E-02
5.00E+00 1.40E+00 345 8.97E-02 5.95E-02 6.25E-02
5.00E+00 1.43E+00 341 7.68E-02 5.69E-02 6.09E-02
5.00E+00 1.46E+00 310 7.00E-02 5.51E-02 5.37E-02
5.00E+00 1.48E+00 314 6.62E-02 5.46E-02 5.80E-02
5.00E+00 1.50E+00 373 6.62E-02 5.31E-02 5.12E-02
5.00E+00 1.53E+00 379 6.69E-02 5.07E-02 5.08E-02
5.00E+00 1.55E+00 373 6.09E-02 4.67E-02 4.99E-02
5.00E+00 1.58E+00 393 5.99E-02 4.61E-02 4.91E-02
5.00E+00 1.60E+00 386 5.89E-02 4.66E-02 4.39E-02
5.00E+00 1.63E+00 358 5.32E-02 4.45E-02 4.52E-02
5.00E+00 1.65E+00 375 5.61E-02 4.44E-02 4.22E-02
5.00E+00 1.67E+00 350 5.28E-02 4.49E-02 4.01E-02
5.00E+00 1.70E+00 387 5.22E-02 4.19E-02 3.95E-02
5.00E+00 1.72E+00 387 5.20E-02 4.50E-02 3.79E-02
5.00E+00 1.75E+00 387 5.07E-02 4.07E-02 4.17E-02
5.00E+00 1.77E+00 383 4.35E-02 4.37E-02 3.74E-02
5.00E+00 1.80E+00 353 4.53E-02 4.09E-02 3.49E-02
5.00E+00 1.82E+00 343 4.71E-02 4.18E-02 3.86E-02
5.00E+00 1.85E+00 401 4.84E-02 4.06E-02 3.62E-02
5.00E+00 1.87E+00 447 4.60E-02 4.17E-02 3.65E-02
5.00E+00 1.90E+00 398 4.71E-02 4.07E-02 3.49E-02
5.00E+00 1.92E+00 360 4.86E-02 4.10E-02 3.97E-02
5.00E+00 1.94E+00 372 4.24E-02 3.73E-02 3.47E-02
5.00E+00 1.97E+00 415 4.56E-02 3.77E-02 3.69E-02
5.00E+00 1.99E+00 395 5.19E-02 3.90E-02 3.58E-02
5.00E+00 2.02E+00 399 4.99E-02 4.13E-02 3.47E-02
5.00E+00 2.04E+00 391 4.73E-02 4.01E-02 3.86E-02
5.00E+00 2.07E+00 402 5.19E-02 4.35E-02 4.07E-02
5.00E+00 2.09E+00 387 5.46E-02 4.02E-02 4.17E-02
5.00E+00 2.12E+00 417 5.44E-02 3.89E-02 4.28E-02
5.00E+00 2.14E+00 376 5.56E-02 4.00E-02 4.36E-02
5.00E+00 2.16E+00 405 5.94E-02 4.39E-02 4.38E-02
5.00E+00 2.19E+00 368 5.93E-02 4.01E-02 3.61E-02
5.00E+00 2.21E+00 356 5.92E-02 4.20E-02 4.61E-02
5.00E+00 2.24E+00 410 6.36E-02 4.44E-02 4.73E-02
5.00E+00 2.26E+00 371 6.84E-02 4.19E-02 4.45E-02
5.00E+00 2.29E+00 352 6.56E-02 4.23E-02 4.63E-02
5.00E+00 2.31E+00 346 7.09E-02 4.49E-02 4.95E-02
5.00E+00 2.34E+00 364 7.48E-02 4.57E-02 5.41E-02
5.00E+00 2.36E+00 380 6.92E-02 4.65E-02 5.23E-02
5.00E+00 2.38E+00 299 7.39E-02 4.68E-02 5.01E-02
5.00E+00 2.41E+00 315 7.37E-02 4.58E-02 5.28E-02
5.00E+00 2.43E+00 314 7.06E-02 5.11E-02 5.77E-02
5.00E+00 2.46E+00 289 7.24E-02 5.06E-02 5.77E-02
5.00E+00 2.48E+00 306 7.56E-02 4.90E-02 6.31E-02
5.00E+00 2.51E+00 264 7.24E-02 4.77E-02 5.95E-02
5.00E+00 2.53E+00 272 8.24E-02 4.78E-02 5.66E-02
5.00E+00 2.56E+00 270 8.11E-02 4.85E-02 6.55E-02
5.00E+00 2.58E+00 280 8.17E-02 4.64E-02 6.47E-02
5.00E+00 2.60E+00 283 8.28E-02 5.24E-02 6.05E-02
5.00E+00 2.63E+00 280 7.82E-02 5.05E-02 5.97E-02
5.00E+00 2.65E+00 267 8.53E-02 4.97E-02 6.30E-02
5.00E+00 2.68E+00 261 9.82E-02 5.41E-02 7.06E-02
5.00E+00 2.70E+00 259 9.71E-02 5.21E-02 6.73E-02
5.00E+00 2.73E+00 256 9.75E-02 5.48E-02 6.82E-02
5.00E+00 2.75E+00 266 1.04E-01 5.19E-02 6.61E-02
5.00E+00 2.78E+00 275 1.03E-01 5.82E-02 7.15E-02
5.00E+00 2.80E+00 297 1.05E-01 5.30E-02 6.66E-02
5.00E+00 2.82E+00 289 1.10E-01 5.40E-02 7.21E-02
5.00E+00 2.85E+00 278 1.26E-01 5.08E-02 6.89E-02
5.00E+00 2.87E+00 268 1.31E-01 4.75E-02 7.11E-02
5.00E+00 2.90E+00 261 1.44E-01 4.66E-02 7.14E-02
5.00E+00 2.92E+00 279 1.55E-01 3.58E-02 6.13E-02
5.00E+00 2.95E+00 297 1.44E-01 2.08E-02 5.47E-02
5.00E+00 2.96E+00 83 0.00E+00 0.00E+00 3.07E-02


#x/H z/H N ux_rms/Uc uz_rms/Uc uy_rms/Uc
6.02E+00 2.10E-02 51 2.67E-02 1.15E-02 3.28E-02
6.02E+00 3.59E-02 267 6.97E-02 2.20E-02 8.08E-02
6.02E+00 6.14E-02 283 9.21E-02 3.86E-02 8.64E-02
6.02E+00 8.52E-02 242 9.81E-02 5.87E-02 1.01E-01
6.02E+00 1.11E-01 259 9.19E-02 7.67E-02 1.01E-01
6.02E+00 1.35E-01 250 1.07E-01 7.40E-02 1.01E-01
6.02E+00 1.59E-01 238 1.14E-01 8.12E-02 1.02E-01
6.02E+00 1.83E-01 249 1.12E-01 9.70E-02 1.20E-01
6.02E+00 2.08E-01 275 1.14E-01 9.04E-02 1.11E-01
6.02E+00 2.32E-01 289 1.17E-01 9.12E-02 1.10E-01
6.02E+00 2.56E-01 245 1.23E-01 9.85E-02 1.14E-01
6.02E+00 2.82E-01 249 1.28E-01 1.01E-01 1.25E-01
6.02E+00 3.06E-01 247 1.32E-01 1.08E-01 1.25E-01
6.02E+00 3.30E-01 255 1.30E-01 1.08E-01 1.16E-01
6.02E+00 3.55E-01 230 1.34E-01 1.15E-01 1.16E-01
6.02E+00 3.78E-01 284 1.41E-01 1.14E-01 1.34E-01
6.02E+00 4.03E-01 262 1.38E-01 1.13E-01 1.24E-01
6.02E+00 4.28E-01 266 1.52E-01 1.21E-01 1.12E-01
6.02E+00 4.53E-01 293 1.41E-01 1.17E-01 1.29E-01
6.02E+00 4.77E-01 285 1.55E-01 1.21E-01 1.35E-01
6.02E+00 5.02E-01 288 1.54E-01 1.10E-01 1.36E-01
6.02E+00 5.25E-01 254 1.71E-01 1.19E-01 1.42E-01
6.02E+00 5.51E-01 289 1.62E-01 1.12E-01 1.45E-01
6.02E+00 5.75E-01 326 1.56E-01 1.21E-01 1.52E-01
6.02E+00 5.98E-01 306 1.66E-01 1.22E-01 1.36E-01
6.02E+00 6.23E-01 331 1.67E-01 1.29E-01 1.38E-01
6.02E+00 6.48E-01 318 1.56E-01 1.15E-01 1.43E-01
6.02E+00 6.73E-01 311 1.81E-01 1.30E-01 1.34E-01
6.02E+00 6.97E-01 284 1.66E-01 1.25E-01 1.31E-01
6.02E+00 7.21E-01 314 1.63E-01 1.23E-01 1.51E-01
6.02E+00 7.46E-01 345 1.65E-01 1.15E-01 1.43E-01
6.02E+00 7.70E-01 348 1.76E-01 1.18E-01 1.46E-01
6.02E+00 7.95E-01 327 1.69E-01 1.12E-01 1.31E-01
6.02E+00 8.19E-01 365 1.69E-01 1.23E-01 1.28E-01
6.02E+00 8.43E-01 368 1.64E-01 1.22E-01 1.32E-01
6.02E+00 8.68E-01 369 1.67E-01 1.17E-01 1.42E-01
6.02E+00 8.93E-01 340 1.74E-01 1.15E-01 1.39E-01
6.02E+00 9.17E-01 391 1.74E-01 1.10E-01 1.17E-01
6.02E+00 9.41E-01 465 1.61E-01 1.10E-01 1.30E-01
6.02E+00 9.66E-01 433 1.74E-01 1.15E-01 1.20E-01
6.02E+00 9.90E-01 413 1.59E-01 1.09E-01 1.19E-01
6.02E+00 1.02E+00 425 1.53E-01 1.09E-01 1.22E-01
6.02E+00 1.04E+00 507 1.41E-01 1.02E-01 1.14E-01
6.02E+00 1.06E+00 471 1.44E-01 9.74E-02 9.67E-02
6.02E+00 1.09E+00 501 1.49E-01 1.03E-01 1.09E-01
6.02E+00 1.11E+00 516 1.40E-01 9.93E-02 1.02E-01
6.02E+00 1.14E+00 545 1.29E-01 7.78E-02 9.75E-02
6.02E+00 1.16E+00 621 1.36E-01 8.86E-02 9.55E-02
6.02E+00 1.19E+00 580 1.19E-01 8.90E-02 9.16E-02
6.02E+00 1.21E+00 619 1.16E-01 8.25E-02 9.07E-02
6.02E+00 1.23E+00 649 1.07E-01 8.28E-02 8.20E-02
6.02E+00 1.26E+00 651 1.11E-01 7.15E-02 8.04E-02
6.02E+00 1.28E+00 730 1.12E-01 7.56E-02 8.03E-02
6.02E+00 1.31E+00 713 8.86E-02 6.94E-02 7.23E-02
6.02E+00 1.33E+00 759 9.73E-02 7.18E-02 7.63E-02
6.02E+00 1.36E+00 770 8.92E-02 6.48E-02 6.80E-02
6.02E+00 1.38E+00 808 8.19E-02 6.09E-02 6.69E-02
6.02E+00 1.41E+00 896 8.23E-02 6.07E-02 5.66E-02
6.02E+00 1.43E+00 870 7.33E-02 5.42E-02 5.63E-02
6.02E+00 1.46E+00 893 7.37E-02 6.11E-02 5.64E-02
6.02E+00 1.48E+00 884 6.87E-02 5.57E-02 5.48E-02
6.02E+00 1.50E+00 921 6.64E-02 5.39E-02 5.12E-02
6.02E+00 1.53E+00 861 6.19E-02 4.99E-02 4.95E-02
6.02E+00 1.55E+00 900 6.52E-02 4.92E-02 4.82E-02
6.02E+00 1.58E+00 977 5.82E-02 4.66E-02 4.36E-02
6.02E+00 1.60E+00 934 5.52E-02 4.66E-02 4.42E-02
6.02E+00 1.63E+00 974 5.45E-02 4.60E-02 4.25E-02
6.02E+00 1.65E+00 929 5.37E-02 4.55E-02 4.02E-02
6.02E+00 1.67E+00 939 5.13E-02 4.49E-02 3.93E-02
6.02E+00 1.70E+00 1041 4.98E-02 4.22E-02 3.90E-02
6.02E+00 1.72E+00 1003 4.70E-02 4.45E-02 3.89E-02
6.02E+00 1.75E+00 976 4.72E-02 4.26E-02 3.78E-02
6.02E+00 1.77E+00 988 4.69E-02 4.19E-02 3.73E-02
6.02E+00 1.80E+00 963 4.68E-02 4.15E-02 3.70E-02
6.02E+00 1.82E+00 945 4.79E-02 3.85E-02 3.54E-02
6.02E+00 1.85E+00 967 4.70E-02 4.06E-02 3.84E-02
6.02E+00 1.87E+00 944 4.69E-02 4.12E-02 3.70E-02
6.02E+00 1.89E+00 941 4.97E-02 3.87E-02 3.81E-02
6.02E+00 1.92E+00 919 5.05E-02 4.22E-02 3.78E-02
6.02E+00 1.94E+00 890 5.20E-02 3.82E-02 3.72E-02
6.02E+00 1.97E+00 948 5.25E-02 3.93E-02 3.73E-02
6.02E+00 1.99E+00 870 5.04E-02 3.82E-02 3.87E-02
6.02E+00 2.02E+00 967 5.17E-02 4.00E-02 3.99E-02
6.02E+00 2.04E+00 820 5.52E-02 3.84E-02 4.11E-02
6.02E+00 2.07E+00 890 5.68E-02 4.26E-02 4.05E-02
6.02E+00 2.09E+00 812 5.43E-02 4.17E-02 4.42E-02
6.02E+00 2.12E+00 786 5.70E-02 4.15E-02 4.43E-02
6.02E+00 2.14E+00 732 6.25E-02 4.12E-02 4.40E-02
6.02E+00 2.16E+00 703 6.23E-02 4.21E-02 4.53E-02
6.02E+00 2.19E+00 664 6.14E-02 4.16E-02 4.33E-02
6.02E+00 2.21E+00 649 6.47E-02 4.47E-02 4.90E-02
6.02E+00 2.24E+00 611 6.71E-02 4.49E-02 4.50E-02
6.02E+00 2.26E+00 634 6.63E-02 4.57E-02 4.95E-02
6.02E+00 2.29E+00 584 6.84E-02 4.70E-02 5.00E-02
6.02E+00 2.31E+00 541 7.25E-02 4.66E-02 5.18E-02
6.02E+00 2.33E+00 534 7.15E-02 4.71E-02 5.18E-02
6.02E+00 2.36E+00 555 6.99E-02 4.30E-02 5.07E-02
6.02E+00 2.38E+00 536 7.09E-02 4.65E-02 5.17E-02
6.02E+00 2.41E+00 492 7.28E-02 4.85E-02 5.72E-02
6.02E+00 2.43E+00 478 8.01E-02 4.60E-02 5.84E-02
6.02E+00 2.46E+00 527 7.68E-02 4.68E-02 5.51E-02
6.02E+00 2.48E+00 507 7.83E-02 4.91E-02 6.16E-02
6.02E+00 2.51E+00 499 8.17E-02 5.22E-02 6.01E-02
6.02E+00 2.53E+00 538 7.98E-02 4.75E-02 5.94E-02
6.02E+00 2.56E+00 517 8.67E-02 5.22E-02 6.64E-02
6.02E+00 2.58E+00 535 9.48E-02 5.09E-02 6.27E-02
6.02E+00 2.60E+00 539 8.56E-02 5.33E-02 6.56E-02
6.02E+00 2.63E+00 546 9.03E-02 5.09E-02 6.44E-02
6.02E+00 2.65E+00 533 9.94E-02 5.48E-02 6.77E-02
6.02E+00 2.68E+00 539 9.90E-02 5.55E-02 7.28E-02
6.02E+00 2.70E+00 571 1.02E-01 5.34E-02 6.73E-02
6.02E+00 2.73E+00 566 9.85E-02 5.90E-02 7.01E-02
6.02E+00 2.75E+00 619 1.04E-01 5.21E-02 6.80E-02
6.02E+00 2.77E+00 569 1.02E-01 5.45E-02 7.25E-02
6.02E+00 2.80E+00 638 1.16E-01 5.52E-02 7.28E-02
6.02E+00 2.82E+00 632 1.17E-01 5.44E-02 7.43E-02
6.02E+00 2.85E+00 620 1.16E-01 5.04E-02 7.56E-02
6.02E+00 2.87E+00 622 1.23E-01 4.99E-02 7.71E-02
6.02E+00 2.90E+00 620 1.34E-01 3.99E-02 7.55E-02
6.02E+00 2.92E+00 598 1.35E-01 3.04E-02 6.29E-02
6.02E+00 2.95E+00 648 1.18E-01 2.19E-02 5.16E-02
6.02E+00 2.96E+00 233 7.49E-02 1.06E-02 3.95E-02


#x/H z/H N ux_rms/Uc uz_rms/Uc uy_rms/Uc
7.00E+00 2.14E-02 44 2.16E-02 1.27E-02 3.74E-02
7.00E+00 3.72E-02 316 6.38E-02 2.09E-02 7.60E-02
7.00E+00 6.05E-02 302 9.09E-02 3.83E-02 1.01E-01
7.00E+00 8.63E-02 297 9.56E-02 5.53E-02 1.01E-01
7.00E+00 1.10E-01 345 1.03E-01 7.05E-02 1.03E-01
7.00E+00 1.35E-01 347 9.80E-02 7.24E-02 1.06E-01
7.00E+00 1.59E-01 372 1.08E-01 8.53E-02 1.11E-01
7.00E+00 1.83E-01 378 1.12E-01 9.11E-02 1.02E-01
7.00E+00 2.08E-01 409 9.36E-02 8.95E-02 1.09E-01
7.00E+00 2.32E-01 422 1.10E-01 8.87E-02 9.65E-02
7.00E+00 2.57E-01 442 1.13E-01 9.66E-02 1.09E-01
7.00E+00 2.82E-01 428 1.21E-01 9.80E-02 1.18E-01
7.00E+00 3.06E-01 431 1.18E-01 1.04E-01 1.12E-01
7.00E+00 3.30E-01 400 1.31E-01 1.06E-01 1.19E-01
7.00E+00 3.55E-01 417 1.28E-01 1.05E-01 1.17E-01
7.00E+00 3.79E-01 432 1.23E-01 1.12E-01 1.17E-01
7.00E+00 4.03E-01 433 1.44E-01 1.09E-01 1.19E-01
7.00E+00 4.28E-01 496 1.44E-01 1.16E-01 1.24E-01
7.00E+00 4.52E-01 463 1.33E-01 1.13E-01 1.19E-01
7.00E+00 4.76E-01 452 1.37E-01 1.11E-01 1.24E-01
7.00E+00 5.01E-01 432 1.48E-01 1.14E-01 1.23E-01
7.00E+00 5.26E-01 459 1.45E-01 1.08E-01 1.29E-01
7.00E+00 5.50E-01 474 1.51E-01 1.14E-01 1.27E-01
7.00E+00 5.75E-01 491 1.52E-01 1.16E-01 1.32E-01
7.00E+00 5.99E-01 454 1.50E-01 1.21E-01 1.32E-01
7.00E+00 6.23E-01 484 1.54E-01 1.20E-01 1.32E-01
7.00E+00 6.48E-01 504 1.62E-01 1.18E-01 1.36E-01
7.00E+00 6.72E-01 437 1.62E-01 1.25E-01 1.28E-01
7.00E+00 6.97E-01 523 1.65E-01 1.20E-01 1.30E-01
7.00E+00 7.21E-01 483 1.59E-01 1.22E-01 1.32E-01
7.00E+00 7.46E-01 492 1.61E-01 1.22E-01 1.37E-01
7.00E+00 7.70E-01 582 1.60E-01 1.15E-01 1.30E-01
7.00E+00 7.95E-01 500 1.49E-01 1.14E-01 1.42E-01
7.00E+00 8.19E-01 574 1.57E-01 1.15E-01 1.39E-01
7.00E+00 8.43E-01 572 1.58E-01 1.17E-01 1.36E-01
7.00E+00 8.68E-01 575 1.58E-01 1.20E-01 1.29E-01
7.00E+00 8.93E-01 607 1.65E-01 1.08E-01 1.33E-01
7.00E+00 9.17E-01 634 1.67E-01 1.11E-01 1.28E-01
7.00E+00 9.41E-01 611 1.53E-01 1.08E-01 1.15E-01
7.00E+00 9.66E-01 606 1.48E-01 1.06E-01 1.20E-01
7.00E+00 9.90E-01 604 1.41E-01 1.04E-01 1.12E-01
7.00E+00 1.01E+00 695 1.45E-01 9.95E-02 1.16E-01
7.00E+00 1.04E+00 685 1.40E-01 9.91E-02 1.18E-01
7.00E+00 1.06E+00 715 1.43E-01 9.81E-02 1.12E-01
7.00E+00 1.09E+00 758 1.42E-01 9.61E-02 1.06E-01
7.00E+00 1.11E+00 761 1.38E-01 9.95E-02 1.03E-01
7.00E+00 1.14E+00 819 1.28E-01 8.28E-02 1.04E-01
7.00E+00 1.16E+00 856 1.34E-01 8.91E-02 9.79E-02
7.00E+00 1.19E+00 857 1.30E-01 8.99E-02 8.59E-02
7.00E+00 1.21E+00 818 1.17E-01 8.57E-02 9.00E-02
7.00E+00 1.23E+00 819 1.13E-01 8.50E-02 8.76E-02
7.00E+00 1.26E+00 927 1.15E-01 7.63E-02 8.16E-02
7.00E+00 1.28E+00 942 9.83E-02 7.78E-02 7.84E-02
7.00E+00 1.31E+00 936 1.01E-01 7.25E-02 7.56E-02
7.00E+00 1.33E+00 925 9.92E-02 7.49E-02 7.94E-02
7.00E+00 1.36E+00 1064 8.49E-02 6.62E-02 6.37E-02
7.00E+00 1.38E+00 977 7.99E-02 6.01E-02 6.11E-02
7.00E+00 1.41E+00 1055 8.49E-02 6.72E-02 6.16E-02
7.00E+00 1.43E+00 1074 7.39E-02 5.95E-02 6.15E-02
7.00E+00 1.45E+00 1018 7.24E-02 5.62E-02 5.70E-02
7.00E+00 1.48E+00 1048 6.96E-02 5.90E-02 5.42E-02
7.00E+00 1.50E+00 1155 6.34E-02 5.26E-02 4.92E-02
7.00E+00 1.53E+00 1126 6.10E-02 5.12E-02 4.92E-02
7.00E+00 1.55E+00 1146 5.89E-02 4.83E-02 4.78E-02
7.00E+00 1.58E+00 1142 5.53E-02 5.32E-02 4.70E-02
7.00E+00 1.60E+00 1189 5.44E-02 5.01E-02 4.51E-02
7.00E+00 1.63E+00 1148 5.52E-02 4.82E-02 4.28E-02
7.00E+00 1.65E+00 1176 5.11E-02 4.51E-02 4.27E-02
7.00E+00 1.67E+00 1231 5.02E-02 4.55E-02 4.01E-02
7.00E+00 1.70E+00 1226 4.90E-02 4.45E-02 3.93E-02
7.00E+00 1.72E+00 1161 4.61E-02 4.51E-02 3.80E-02
7.00E+00 1.75E+00 1227 4.48E-02 4.21E-02 3.78E-02
7.00E+00 1.77E+00 1238 4.76E-02 4.20E-02 3.75E-02
7.00E+00 1.80E+00 1224 4.62E-02 4.16E-02 3.64E-02
7.00E+00 1.82E+00 1224 4.80E-02 4.27E-02 3.73E-02
7.00E+00 1.85E+00 1240 4.65E-02 4.05E-02 3.67E-02
7.00E+00 1.87E+00 1252 4.78E-02 3.93E-02 4.04E-02
7.00E+00 1.90E+00 1194 4.97E-02 4.02E-02 3.62E-02
7.00E+00 1.92E+00 1169 5.00E-02 4.35E-02 3.70E-02
7.00E+00 1.94E+00 1215 5.35E-02 4.02E-02 4.01E-02
7.00E+00 1.97E+00 1177 5.40E-02 3.91E-02 3.77E-02
7.00E+00 1.99E+00 1266 5.47E-02 4.29E-02 4.07E-02
7.00E+00 2.02E+00 1253 5.58E-02 4.04E-02 4.16E-02
7.00E+00 2.04E+00 1167 5.69E-02 3.84E-02 4.12E-02
7.00E+00 2.07E+00 1177 5.90E-02 3.96E-02 4.32E-02
7.00E+00 2.09E+00 1139 6.08E-02 4.10E-02 4.35E-02
7.00E+00 2.12E+00 1161 6.13E-02 4.15E-02 4.34E-02
7.00E+00 2.14E+00 1079 6.43E-02 4.27E-02 4.81E-02
7.00E+00 2.16E+00 1127 6.38E-02 4.58E-02 4.64E-02
7.00E+00 2.19E+00 1219 6.59E-02 4.40E-02 4.73E-02
7.00E+00 2.21E+00 1120 6.68E-02 4.43E-02 4.73E-02
7.00E+00 2.24E+00 1150 7.03E-02 4.51E-02 5.01E-02
7.00E+00 2.26E+00 1129 6.90E-02 4.42E-02 5.04E-02
7.00E+00 2.29E+00 1125 6.88E-02 4.50E-02 5.09E-02
7.00E+00 2.31E+00 1073 7.17E-02 4.40E-02 5.04E-02
7.00E+00 2.33E+00 1071 7.19E-02 4.68E-02 5.24E-02
7.00E+00 2.36E+00 1089 7.40E-02 4.45E-02 5.36E-02
7.00E+00 2.38E+00 957 7.44E-02 4.90E-02 5.50E-02
7.00E+00 2.41E+00 977 7.91E-02 4.67E-02 5.90E-02
7.00E+00 2.43E+00 954 7.85E-02 4.81E-02 5.79E-02
7.00E+00 2.46E+00 919 8.06E-02 4.90E-02 5.82E-02
7.00E+00 2.48E+00 989 8.16E-02 5.21E-02 6.10E-02
7.00E+00 2.51E+00 905 8.44E-02 5.10E-02 6.25E-02
7.00E+00 2.53E+00 818 8.73E-02 5.30E-02 6.50E-02
7.00E+00 2.56E+00 836 8.67E-02 5.20E-02 6.46E-02
7.00E+00 2.58E+00 797 8.58E-02 5.48E-02 6.18E-02
7.00E+00 2.60E+00 777 9.44E-02 5.15E-02 6.66E-02
7.00E+00 2.63E+00 803 9.61E-02 5.82E-02 6.73E-02
7.00E+00 2.65E+00 747 9.87E-02 5.52E-02 6.96E-02
7.00E+00 2.68E+00 741 1.01E-01 5.67E-02 7.24E-02
7.00E+00 2.70E+00 699 9.39E-02 5.69E-02 6.74E-02
7.00E+00 2.73E+00 650 9.88E-02 5.40E-02 7.13E-02
7.00E+00 2.75E+00 623 1.07E-01 5.76E-02 7.28E-02
7.00E+00 2.77E+00 561 1.05E-01 5.63E-02 7.00E-02
7.00E+00 2.80E+00 570 1.03E-01 5.96E-02 7.83E-02
7.00E+00 2.82E+00 587 1.14E-01 5.46E-02 7.32E-02
7.00E+00 2.85E+00 602 1.14E-01 5.53E-02 7.66E-02
7.00E+00 2.87E+00 603 1.19E-01 4.95E-02 6.90E-02
7.00E+00 2.90E+00 570 1.19E-01 4.26E-02 7.12E-02
7.00E+00 2.92E+00 548 1.25E-01 3.22E-02 6.72E-02
7.00E+00 2.95E+00 549 1.15E-01 2.12E-02 5.50E-02
7.00E+00 2.96E+00 219 0.00E+00 1.01E-02 3.71E-02


#x/H z/H N ux_rms/Uc uz_rms/Uc uy_rms/Uc
8.02E+00 2.12E-02 36 1.80E-02 1.25E-02 3.78E-02
8.02E+00 3.78E-02 245 7.31E-02 2.21E-02 6.83E-02
8.02E+00 5.96E-02 274 8.85E-02 3.40E-02 9.51E-02
8.02E+00 8.55E-02 263 9.35E-02 5.05E-02 9.83E-02
8.02E+00 1.10E-01 268 1.03E-01 6.28E-02 9.57E-02
8.02E+00 1.34E-01 284 1.04E-01 7.99E-02 1.00E-01
8.02E+00 1.59E-01 267 1.03E-01 7.88E-02 1.08E-01
8.02E+00 1.84E-01 279 1.11E-01 7.91E-02 1.14E-01
8.02E+00 2.08E-01 297 1.11E-01 9.00E-02 1.01E-01
8.02E+00 2.32E-01 261 1.11E-01 8.86E-02 9.68E-02
8.02E+00 2.58E-01 263 1.09E-01 1.01E-01 1.07E-01
8.02E+00 2.81E-01 319 1.12E-01 9.37E-02 1.08E-01
8.02E+00 3.05E-01 279 1.24E-01 9.90E-02 1.02E-01
8.02E+00 3.30E-01 302 1.29E-01 1.04E-01 1.15E-01
8.02E+00 3.54E-01 287 1.37E-01 1.09E-01 1.18E-01
8.02E+00 3.79E-01 275 1.28E-01 1.14E-01 1.12E-01
8.02E+00 4.04E-01 292 1.36E-01 1.11E-01 1.19E-01
8.02E+00 4.28E-01 282 1.35E-01 1.03E-01 1.12E-01
8.02E+00 4.52E-01 294 1.32E-01 1.14E-01 1.17E-01
8.02E+00 4.76E-01 276 1.31E-01 1.10E-01 1.26E-01
8.02E+00 5.01E-01 288 1.33E-01 1.07E-01 1.17E-01
8.02E+00 5.25E-01 282 1.40E-01 1.08E-01 1.13E-01
8.02E+00 5.50E-01 273 1.50E-01 1.22E-01 1.17E-01
8.02E+00 5.74E-01 295 1.40E-01 1.14E-01 1.28E-01
8.02E+00 5.99E-01 269 1.37E-01 1.13E-01 1.30E-01
8.02E+00 6.23E-01 294 1.47E-01 1.18E-01 1.23E-01
8.02E+00 6.48E-01 291 1.52E-01 1.11E-01 1.27E-01
8.02E+00 6.72E-01 270 1.51E-01 1.13E-01 1.16E-01
8.02E+00 6.98E-01 292 1.31E-01 1.10E-01 1.32E-01
8.02E+00 7.21E-01 305 1.63E-01 1.20E-01 1.20E-01
8.02E+00 7.45E-01 324 1.63E-01 1.14E-01 1.20E-01
8.02E+00 7.69E-01 269 1.64E-01 1.17E-01 1.28E-01
8.02E+00 7.95E-01 331 1.52E-01 1.10E-01 1.21E-01
8.02E+00 8.20E-01 342 1.55E-01 1.10E-01 1.29E-01
8.02E+00 8.43E-01 318 1.43E-01 1.08E-01 1.27E-01
8.02E+00 8.68E-01 284 1.52E-01 1.12E-01 1.23E-01
8.02E+00 8.93E-01 287 1.43E-01 1.07E-01 1.22E-01
8.02E+00 9.18E-01 338 1.50E-01 1.08E-01 1.22E-01
8.02E+00 9.41E-01 350 1.55E-01 1.12E-01 1.11E-01
8.02E+00 9.65E-01 330 1.50E-01 1.10E-01 1.08E-01
8.02E+00 9.90E-01 326 1.39E-01 1.00E-01 1.15E-01
8.02E+00 1.01E+00 317 1.44E-01 9.57E-02 1.11E-01
8.02E+00 1.04E+00 359 1.46E-01 1.02E-01 1.17E-01
8.02E+00 1.06E+00 337 1.43E-01 9.88E-02 1.04E-01
8.02E+00 1.09E+00 369 1.38E-01 9.97E-02 1.08E-01
8.02E+00 1.11E+00 324 1.37E-01 9.79E-02 1.06E-01
8.02E+00 1.14E+00 374 1.26E-01 8.96E-02 9.56E-02
8.02E+00 1.16E+00 331 1.29E-01 8.95E-02 9.93E-02
8.02E+00 1.19E+00 389 1.15E-01 8.05E-02 8.68E-02
8.02E+00 1.21E+00 364 1.12E-01 8.36E-02 8.88E-02
8.02E+00 1.23E+00 373 1.24E-01 7.70E-02 9.33E-02
8.02E+00 1.26E+00 402 1.06E-01 7.40E-02 8.42E-02
8.02E+00 1.28E+00 397 1.09E-01 7.65E-02 8.31E-02
8.02E+00 1.31E+00 403 9.79E-02 6.79E-02 6.75E-02
8.02E+00 1.33E+00 417 9.84E-02 7.42E-02 8.00E-02
8.02E+00 1.36E+00 418 9.29E-02 7.07E-02 6.80E-02
8.02E+00 1.38E+00 438 8.64E-02 6.97E-02 7.02E-02
8.02E+00 1.41E+00 445 8.93E-02 6.55E-02 5.81E-02
8.02E+00 1.43E+00 456 7.65E-02 5.95E-02 6.36E-02
8.02E+00 1.46E+00 453 7.60E-02 5.58E-02 5.75E-02
8.02E+00 1.48E+00 387 7.87E-02 5.45E-02 5.36E-02
8.02E+00 1.50E+00 475 6.81E-02 5.75E-02 5.06E-02
8.02E+00 1.53E+00 435 6.46E-02 5.38E-02 4.84E-02
8.02E+00 1.55E+00 462 5.86E-02 5.47E-02 5.08E-02
8.02E+00 1.58E+00 482 5.86E-02 5.08E-02 5.10E-02
8.02E+00 1.60E+00 520 5.72E-02 5.25E-02 4.96E-02
8.02E+00 1.63E+00 498 4.93E-02 5.28E-02 4.41E-02
8.02E+00 1.65E+00 519 5.11E-02 4.70E-02 4.28E-02
8.02E+00 1.67E+00 490 4.88E-02 4.55E-02 3.98E-02
8.02E+00 1.70E+00 538 4.94E-02 4.99E-02 4.28E-02
8.02E+00 1.72E+00 507 4.97E-02 4.65E-02 3.96E-02
8.02E+00 1.75E+00 563 4.57E-02 4.43E-02 3.73E-02
8.02E+00 1.77E+00 553 4.72E-02 4.16E-02 3.80E-02
8.02E+00 1.80E+00 576 5.02E-02 4.43E-02 3.73E-02
8.02E+00 1.82E+00 544 4.82E-02 4.40E-02 3.87E-02
8.02E+00 1.85E+00 558 4.82E-02 4.14E-02 3.74E-02
8.02E+00 1.87E+00 549 4.81E-02 4.39E-02 3.99E-02
8.02E+00 1.89E+00 585 4.64E-02 4.05E-02 3.91E-02
8.02E+00 1.92E+00 570 5.07E-02 4.22E-02 3.77E-02
8.02E+00 1.94E+00 599 5.30E-02 3.83E-02 4.13E-02
8.02E+00 1.97E+00 630 5.00E-02 4.01E-02 3.90E-02
8.02E+00 1.99E+00 574 4.99E-02 4.03E-02 4.14E-02
8.02E+00 2.02E+00 614 5.81E-02 4.14E-02 4.18E-02
8.02E+00 2.04E+00 626 5.86E-02 4.14E-02 4.07E-02
8.02E+00 2.07E+00 601 6.10E-02 4.24E-02 4.63E-02
8.02E+00 2.09E+00 631 6.17E-02 4.45E-02 4.47E-02
8.02E+00 2.12E+00 626 6.15E-02 4.16E-02 4.66E-02
8.02E+00 2.14E+00 656 6.38E-02 4.41E-02 4.62E-02
8.02E+00 2.16E+00 608 6.48E-02 4.42E-02 4.69E-02
8.02E+00 2.19E+00 604 6.64E-02 4.56E-02 5.22E-02
8.02E+00 2.21E+00 592 6.16E-02 4.32E-02 5.00E-02
8.02E+00 2.24E+00 598 6.58E-02 4.39E-02 4.89E-02
8.02E+00 2.26E+00 540 7.01E-02 4.87E-02 4.97E-02
8.02E+00 2.29E+00 576 7.28E-02 4.73E-02 5.09E-02
8.02E+00 2.31E+00 577 7.20E-02 4.71E-02 5.42E-02
8.02E+00 2.33E+00 566 7.21E-02 4.88E-02 5.29E-02
8.02E+00 2.36E+00 588 7.75E-02 4.84E-02 5.35E-02
8.02E+00 2.38E+00 585 7.67E-02 5.00E-02 5.81E-02
8.02E+00 2.41E+00 529 7.88E-02 4.87E-02 5.75E-02
8.02E+00 2.43E+00 541 7.80E-02 4.94E-02 6.02E-02
8.02E+00 2.46E+00 560 8.25E-02 4.96E-02 6.02E-02
8.02E+00 2.48E+00 508 8.72E-02 5.03E-02 5.95E-02
8.02E+00 2.51E+00 476 8.96E-02 5.64E-02 6.61E-02
8.02E+00 2.53E+00 506 8.11E-02 4.82E-02 6.10E-02
8.02E+00 2.55E+00 458 8.86E-02 5.46E-02 6.94E-02
8.02E+00 2.58E+00 484 8.75E-02 5.43E-02 6.15E-02
8.02E+00 2.60E+00 484 9.52E-02 5.52E-02 6.78E-02
8.02E+00 2.63E+00 443 9.64E-02 5.55E-02 7.39E-02
8.02E+00 2.65E+00 504 9.10E-02 5.53E-02 7.06E-02
8.02E+00 2.68E+00 474 9.34E-02 5.90E-02 6.76E-02
8.02E+00 2.70E+00 459 9.33E-02 5.70E-02 6.90E-02
8.02E+00 2.73E+00 487 9.81E-02 5.73E-02 7.28E-02
8.02E+00 2.75E+00 534 9.67E-02 5.70E-02 7.41E-02
8.02E+00 2.77E+00 490 9.97E-02 5.67E-02 7.00E-02
8.02E+00 2.80E+00 475 9.94E-02 5.39E-02 7.25E-02
8.02E+00 2.82E+00 466 1.08E-01 5.28E-02 7.36E-02
8.02E+00 2.85E+00 435 1.12E-01 5.18E-02 6.69E-02
8.02E+00 2.87E+00 523 1.14E-01 4.84E-02 7.51E-02
8.02E+00 2.90E+00 513 1.21E-01 4.18E-02 7.38E-02
8.02E+00 2.92E+00 519 1.15E-01 2.98E-02 6.76E-02
8.02E+00 2.95E+00 490 1.07E-01 1.94E-02 5.66E-02
8.02E+00 2.96E+00 251 6.51E-02 9.99E-03 3.05E-02


#x/H z/H N ux_rms/Uc uz_rms/Uc uy_rms/Uc
9.00E+00 1.83E-02 108 3.23E-02 1.54E-02 3.24E-02
9.00E+00 3.68E-02 235 6.22E-02 2.22E-02 7.83E-02
9.00E+00 6.07E-02 221 9.50E-02 3.93E-02 9.37E-02
9.00E+00 8.54E-02 186 9.54E-02 5.58E-02 9.75E-02
9.00E+00 1.10E-01 204 9.13E-02 5.33E-02 1.09E-01
9.00E+00 1.34E-01 182 1.14E-01 5.88E-02 9.74E-02
9.00E+00 1.59E-01 194 9.95E-02 6.59E-02 1.08E-01
9.00E+00 1.84E-01 191 9.80E-02 7.00E-02 1.01E-01
9.00E+00 2.08E-01 171 9.85E-02 7.10E-02 9.48E-02
9.00E+00 2.33E-01 177 1.20E-01 9.22E-02 1.04E-01
9.00E+00 2.56E-01 184 1.09E-01 9.62E-02 1.07E-01
9.00E+00 2.80E-01 162 1.01E-01 8.86E-02 1.15E-01
9.00E+00 3.06E-01 212 9.56E-02 8.83E-02 1.15E-01
9.00E+00 3.29E-01 205 1.24E-01 9.82E-02 9.68E-02
9.00E+00 3.55E-01 201 1.30E-01 1.01E-01 1.17E-01
9.00E+00 3.79E-01 206 1.22E-01 9.88E-02 1.07E-01
9.00E+00 4.03E-01 218 1.11E-01 1.03E-01 1.15E-01
9.00E+00 4.27E-01 219 1.14E-01 9.79E-02 1.13E-01
9.00E+00 4.52E-01 210 1.36E-01 1.05E-01 1.05E-01
9.00E+00 4.77E-01 219 1.40E-01 1.08E-01 1.27E-01
9.00E+00 5.03E-01 238 1.26E-01 1.16E-01 1.25E-01
9.00E+00 5.25E-01 237 1.39E-01 1.01E-01 1.23E-01
9.00E+00 5.51E-01 259 1.41E-01 1.10E-01 1.23E-01
9.00E+00 5.74E-01 245 1.34E-01 1.05E-01 1.27E-01
9.00E+00 5.98E-01 263 1.42E-01 9.70E-02 1.16E-01
9.00E+00 6.24E-01 251 1.34E-01 9.93E-02 1.12E-01
9.00E+00 6.48E-01 256 1.51E-01 1.10E-01 1.20E-01
9.00E+00 6.72E-01 271 1.64E-01 1.09E-01 1.22E-01
9.00E+00 6.97E-01 260 1.58E-01 1.14E-01 1.13E-01
9.00E+00 7.21E-01 257 1.52E-01 1.22E-01 1.19E-01
9.00E+00 7.46E-01 235 1.53E-01 1.08E-01 1.22E-01
9.00E+00 7.70E-01 269 1.58E-01 1.10E-01 1.25E-01
9.00E+00 7.95E-01 249 1.55E-01 1.08E-01 1.15E-01
9.00E+00 8.20E-01 278 1.54E-01 9.89E-02 1.15E-01
9.00E+00 8.44E-01 258 1.44E-01 1.01E-01 1.10E-01
9.00E+00 8.68E-01 284 1.50E-01 1.11E-01 1.11E-01
9.00E+00 8.93E-01 292 1.56E-01 9.78E-02 1.22E-01
9.00E+00 9.16E-01 275 1.45E-01 1.05E-01 1.23E-01
9.00E+00 9.41E-01 320 1.52E-01 1.09E-01 1.04E-01
9.00E+00 9.65E-01 304 1.38E-01 1.06E-01 1.12E-01
9.00E+00 9.91E-01 336 1.43E-01 9.49E-02 1.06E-01
9.00E+00 1.01E+00 302 1.30E-01 9.30E-02 1.01E-01
9.00E+00 1.04E+00 289 1.39E-01 9.71E-02 1.13E-01
9.00E+00 1.06E+00 333 1.42E-01 9.86E-02 1.04E-01
9.00E+00 1.09E+00 333 1.31E-01 8.87E-02 1.03E-01
9.00E+00 1.11E+00 313 1.30E-01 9.18E-02 1.01E-01
9.00E+00 1.14E+00 335 1.35E-01 8.38E-02 1.02E-01
9.00E+00 1.16E+00 325 1.28E-01 8.30E-02 8.98E-02
9.00E+00 1.19E+00 349 1.28E-01 9.24E-02 9.19E-02
9.00E+00 1.21E+00 330 1.10E-01 7.81E-02 7.72E-02
9.00E+00 1.23E+00 382 1.27E-01 8.36E-02 9.41E-02
9.00E+00 1.26E+00 345 1.13E-01 8.25E-02 8.06E-02
9.00E+00 1.28E+00 387 1.21E-01 7.46E-02 8.35E-02
9.00E+00 1.31E+00 317 1.04E-01 6.75E-02 7.17E-02
9.00E+00 1.33E+00 348 1.07E-01 7.43E-02 7.54E-02
9.00E+00 1.36E+00 327 1.12E-01 7.06E-02 6.88E-02
9.00E+00 1.38E+00 371 8.55E-02 6.95E-02 6.81E-02
9.00E+00 1.40E+00 358 8.71E-02 6.95E-02 6.98E-02
9.00E+00 1.43E+00 358 8.50E-02 6.96E-02 6.19E-02
9.00E+00 1.46E+00 287 7.52E-02 6.55E-02 6.62E-02
9.00E+00 1.48E+00 332 7.53E-02 6.14E-02 5.79E-02
9.00E+00 1.50E+00 342 6.92E-02 5.63E-02 5.89E-02
9.00E+00 1.53E+00 336 7.96E-02 6.75E-02 5.56E-02
9.00E+00 1.55E+00 328 6.02E-02 5.46E-02 5.21E-02
9.00E+00 1.58E+00 310 6.36E-02 5.35E-02 5.05E-02
9.00E+00 1.60E+00 326 6.35E-02 6.41E-02 5.17E-02
9.00E+00 1.63E+00 292 6.87E-02 6.17E-02 4.60E-02
9.00E+00 1.65E+00 324 6.22E-02 5.38E-02 4.29E-02
9.00E+00 1.67E+00 321 5.32E-02 5.72E-02 4.99E-02
9.00E+00 1.70E+00 275 5.33E-02 4.78E-02 4.55E-02
9.00E+00 1.72E+00 329 5.90E-02 6.24E-02 4.48E-02
9.00E+00 1.75E+00 303 5.65E-02 5.42E-02 4.70E-02
9.00E+00 1.77E+00 278 6.21E-02 5.07E-02 4.83E-02
9.00E+00 1.80E+00 283 5.37E-02 4.67E-02 4.00E-02
9.00E+00 1.82E+00 312 5.50E-02 4.90E-02 4.40E-02
9.00E+00 1.85E+00 311 5.74E-02 5.02E-02 4.21E-02
9.00E+00 1.87E+00 308 6.02E-02 5.51E-02 4.57E-02
9.00E+00 1.90E+00 329 5.36E-02 4.96E-02 4.31E-02
9.00E+00 1.92E+00 304 6.03E-02 5.15E-02 4.35E-02
9.00E+00 1.94E+00 303 6.09E-02 5.04E-02 4.97E-02
9.00E+00 1.97E+00 302 6.09E-02 4.49E-02 4.52E-02
9.00E+00 1.99E+00 290 6.76E-02 4.07E-02 4.58E-02
9.00E+00 2.02E+00 296 5.98E-02 4.54E-02 4.40E-02
9.00E+00 2.04E+00 262 6.17E-02 5.34E-02 4.73E-02
9.00E+00 2.07E+00 288 6.73E-02 5.44E-02 4.92E-02
9.00E+00 2.09E+00 285 6.44E-02 4.93E-02 4.74E-02
9.00E+00 2.12E+00 292 6.57E-02 4.67E-02 4.87E-02
9.00E+00 2.14E+00 294 7.50E-02 4.82E-02 5.12E-02
9.00E+00 2.16E+00 330 6.32E-02 4.84E-02 5.24E-02
9.00E+00 2.19E+00 331 6.96E-02 4.40E-02 5.14E-02
9.00E+00 2.21E+00 266 6.85E-02 4.14E-02 5.15E-02
9.00E+00 2.24E+00 328 6.53E-02 4.92E-02 5.16E-02
9.00E+00 2.26E+00 296 6.75E-02 4.59E-02 5.16E-02
9.00E+00 2.29E+00 364 7.61E-02 4.86E-02 5.40E-02
9.00E+00 2.31E+00 324 7.58E-02 5.58E-02 5.65E-02
9.00E+00 2.34E+00 314 7.63E-02 4.92E-02 6.24E-02
9.00E+00 2.36E+00 320 7.83E-02 5.43E-02 5.50E-02
9.00E+00 2.38E+00 351 7.12E-02 5.20E-02 5.70E-02
9.00E+00 2.41E+00 354 7.47E-02 5.23E-02 6.05E-02
9.00E+00 2.43E+00 349 8.19E-02 5.17E-02 5.74E-02
9.00E+00 2.46E+00 328 8.43E-02 5.11E-02 5.96E-02
9.00E+00 2.48E+00 366 8.12E-02 5.31E-02 6.31E-02
9.00E+00 2.51E+00 392 9.10E-02 5.40E-02 6.76E-02
9.00E+00 2.53E+00 392 9.47E-02 5.77E-02 6.36E-02
9.00E+00 2.55E+00 410 8.78E-02 5.30E-02 6.58E-02
9.00E+00 2.58E+00 445 8.84E-02 5.17E-02 7.10E-02
9.00E+00 2.60E+00 438 8.90E-02 5.64E-02 6.97E-02
9.00E+00 2.63E+00 431 8.94E-02 5.90E-02 6.99E-02
9.00E+00 2.65E+00 396 9.36E-02 5.85E-02 6.87E-02
9.00E+00 2.68E+00 459 9.43E-02 5.74E-02 7.12E-02
9.00E+00 2.70E+00 415 8.91E-02 5.60E-02 7.00E-02
9.00E+00 2.73E+00 444 9.49E-02 5.45E-02 6.72E-02
9.00E+00 2.75E+00 430 9.07E-02 5.84E-02 6.64E-02
9.00E+00 2.78E+00 466 9.37E-02 5.85E-02 7.76E-02
9.00E+00 2.80E+00 463 9.26E-02 5.38E-02 6.95E-02
9.00E+00 2.82E+00 479 1.03E-01 5.79E-02 7.22E-02
9.00E+00 2.85E+00 501 1.06E-01 5.44E-02 7.05E-02
9.00E+00 2.87E+00 507 1.08E-01 4.55E-02 7.08E-02
9.00E+00 2.90E+00 523 1.04E-01 3.61E-02 6.78E-02
9.00E+00 2.92E+00 474 1.09E-01 3.12E-02 6.35E-02
9.00E+00 2.95E+00 532 1.03E-01 1.90E-02 4.52E-02
9.00E+00 2.96E+00 181 4.58E-02 9.56E-03 3.42E-02


#x/H z/H N ux_rms/Uc uz_rms/Uc uy_rms/Uc
1.00E+01 1.88E-02 50 4.48E-02 1.86E-02 3.43E-02
1.00E+01 3.64E-02 223 7.60E-02 1.98E-02 6.65E-02
1.00E+01 6.09E-02 215 1.04E-01 3.34E-02 9.16E-02
1.00E+01 8.56E-02 183 9.97E-02 4.57E-02 1.03E-01
1.00E+01 1.10E-01 224 8.44E-02 6.08E-02 1.04E-01
1.00E+01 1.35E-01 200 1.01E-01 6.82E-02 9.57E-02
1.00E+01 1.59E-01 230 9.20E-02 7.17E-02 9.73E-02
1.00E+01 1.84E-01 232 1.05E-01 7.57E-02 9.99E-02
1.00E+01 2.09E-01 275 1.08E-01 7.70E-02 1.03E-01
1.00E+01 2.33E-01 297 9.64E-02 7.87E-02 9.77E-02
1.00E+01 2.57E-01 291 1.07E-01 7.96E-02 1.01E-01
1.00E+01 2.81E-01 326 1.04E-01 8.26E-02 1.04E-01
1.00E+01 3.05E-01 346 1.16E-01 9.28E-02 1.09E-01
1.00E+01 3.30E-01 349 1.11E-01 9.43E-02 1.06E-01
1.00E+01 3.54E-01 359 1.11E-01 9.52E-02 1.11E-01
1.00E+01 3.80E-01 422 1.17E-01 9.13E-02 1.12E-01
1.00E+01 4.03E-01 413 1.22E-01 9.05E-02 1.12E-01
1.00E+01 4.28E-01 458 1.20E-01 9.79E-02 1.04E-01
1.00E+01 4.53E-01 448 1.23E-01 1.08E-01 1.22E-01
1.00E+01 4.77E-01 470 1.19E-01 1.05E-01 1.16E-01
1.00E+01 5.01E-01 520 1.29E-01 9.99E-02 1.11E-01
1.00E+01 5.26E-01 500 1.30E-01 1.01E-01 1.15E-01
1.00E+01 5.50E-01 506 1.27E-01 1.01E-01 1.13E-01
1.00E+01 5.75E-01 513 1.33E-01 1.10E-01 1.16E-01
1.00E+01 6.00E-01 568 1.32E-01 9.74E-02 1.17E-01
1.00E+01 6.23E-01 504 1.32E-01 9.78E-02 1.11E-01
1.00E+01 6.48E-01 520 1.31E-01 9.83E-02 1.20E-01
1.00E+01 6.73E-01 571 1.42E-01 1.10E-01 1.16E-01
1.00E+01 6.97E-01 519 1.36E-01 1.04E-01 1.24E-01
1.00E+01 7.21E-01 584 1.43E-01 1.06E-01 1.12E-01
1.00E+01 7.46E-01 602 1.34E-01 1.06E-01 1.12E-01
1.00E+01 7.70E-01 575 1.41E-01 1.04E-01 1.18E-01
1.00E+01 7.94E-01 633 1.42E-01 1.03E-01 1.17E-01
1.00E+01 8.19E-01 569 1.49E-01 1.09E-01 1.15E-01
1.00E+01 8.43E-01 572 1.50E-01 1.02E-01 1.17E-01
1.00E+01 8.68E-01 595 1.49E-01 1.03E-01 1.19E-01
1.00E+01 8.92E-01 633 1.45E-01 1.04E-01 1.14E-01
1.00E+01 9.17E-01 619 1.42E-01 9.82E-02 1.14E-01
1.00E+01 9.41E-01 678 1.51E-01 9.91E-02 1.15E-01
1.00E+01 9.65E-01 627 1.47E-01 9.76E-02 1.13E-01
1.00E+01 9.90E-01 674 1.46E-01 1.02E-01 1.11E-01
1.00E+01 1.01E+00 654 1.41E-01 9.78E-02 1.06E-01
1.00E+01 1.04E+00 744 1.36E-01 9.51E-02 1.04E-01
1.00E+01 1.06E+00 677 1.29E-01 9.19E-02 1.07E-01
1.00E+01 1.09E+00 729 1.37E-01 9.72E-02 1.07E-01
1.00E+01 1.11E+00 796 1.31E-01 9.54E-02 1.01E-01
1.00E+01 1.14E+00 777 1.37E-01 9.90E-02 1.04E-01
1.00E+01 1.16E+00 744 1.33E-01 9.62E-02 1.08E-01
1.00E+01 1.19E+00 842 1.32E-01 9.37E-02 9.77E-02
1.00E+01 1.21E+00 847 1.26E-01 9.00E-02 9.50E-02
1.00E+01 1.23E+00 872 1.22E-01 8.33E-02 8.82E-02
1.00E+01 1.26E+00 844 1.12E-01 7.91E-02 8.77E-02
1.00E+01 1.28E+00 870 1.14E-01 7.59E-02 8.75E-02
1.00E+01 1.31E+00 860 1.06E-01 7.35E-02 8.33E-02
1.00E+01 1.33E+00 851 1.09E-01 8.27E-02 7.85E-02
1.00E+01 1.36E+00 851 1.01E-01 7.92E-02 7.87E-02
1.00E+01 1.38E+00 829 1.06E-01 8.05E-02 7.35E-02
1.00E+01 1.41E+00 871 1.00E-01 7.70E-02 7.67E-02
1.00E+01 1.43E+00 742 9.51E-02 7.03E-02 6.77E-02
1.00E+01 1.45E+00 857 9.42E-02 7.16E-02 7.40E-02
1.00E+01 1.48E+00 814 8.37E-02 7.09E-02 6.60E-02
1.00E+01 1.50E+00 848 7.96E-02 6.39E-02 6.32E-02
1.00E+01 1.53E+00 865 6.96E-02 6.05E-02 6.39E-02
1.00E+01 1.55E+00 861 7.47E-02 6.22E-02 5.68E-02
1.00E+01 1.58E+00 799 6.74E-02 5.84E-02 5.91E-02
1.00E+01 1.60E+00 855 6.83E-02 5.85E-02 5.15E-02
1.00E+01 1.63E+00 852 5.81E-02 5.57E-02 5.20E-02
1.00E+01 1.65E+00 875 6.00E-02 5.56E-02 4.90E-02
1.00E+01 1.68E+00 845 5.84E-02 5.45E-02 4.52E-02
1.00E+01 1.70E+00 908 6.10E-02 5.43E-02 4.72E-02
1.00E+01 1.72E+00 884 6.00E-02 5.53E-02 4.64E-02
1.00E+01 1.75E+00 863 5.46E-02 5.22E-02 4.51E-02
1.00E+01 1.77E+00 907 5.61E-02 4.92E-02 4.48E-02
1.00E+01 1.80E+00 850 5.87E-02 5.10E-02 4.34E-02
1.00E+01 1.82E+00 981 5.87E-02 4.92E-02 4.36E-02
1.00E+01 1.85E+00 903 5.46E-02 4.85E-02 4.50E-02
1.00E+01 1.87E+00 954 5.76E-02 4.52E-02 4.32E-02
1.00E+01 1.90E+00 949 5.96E-02 4.72E-02 4.42E-02
1.00E+01 1.92E+00 864 5.68E-02 4.91E-02 4.36E-02
1.00E+01 1.94E+00 883 5.86E-02 4.55E-02 4.25E-02
1.00E+01 1.97E+00 970 6.23E-02 4.59E-02 4.61E-02
1.00E+01 1.99E+00 939 6.09E-02 4.63E-02 4.20E-02
1.00E+01 2.02E+00 905 6.26E-02 4.24E-02 4.43E-02
1.00E+01 2.04E+00 943 6.60E-02 5.01E-02 4.82E-02
1.00E+01 2.07E+00 893 6.75E-02 4.50E-02 4.92E-02
1.00E+01 2.09E+00 874 6.33E-02 4.84E-02 5.05E-02
1.00E+01 2.12E+00 942 7.00E-02 4.86E-02 5.02E-02
1.00E+01 2.14E+00 828 6.73E-02 4.58E-02 5.14E-02
1.00E+01 2.16E+00 902 6.91E-02 4.82E-02 5.04E-02
1.00E+01 2.19E+00 911 6.93E-02 4.84E-02 5.02E-02
1.00E+01 2.21E+00 858 7.24E-02 4.92E-02 5.17E-02
1.00E+01 2.24E+00 834 7.57E-02 4.82E-02 5.48E-02
1.00E+01 2.26E+00 813 7.51E-02 5.32E-02 5.47E-02
1.00E+01 2.29E+00 814 7.32E-02 4.97E-02 5.55E-02
1.00E+01 2.31E+00 864 7.75E-02 5.08E-02 5.67E-02
1.00E+01 2.33E+00 792 7.98E-02 5.04E-02 5.90E-02
1.00E+01 2.36E+00 788 8.07E-02 4.95E-02 5.92E-02
1.00E+01 2.38E+00 799 8.24E-02 5.87E-02 6.28E-02
1.00E+01 2.41E+00 715 7.98E-02 5.58E-02 5.93E-02
1.00E+01 2.43E+00 707 7.97E-02 5.52E-02 6.63E-02
1.00E+01 2.46E+00 741 8.41E-02 5.59E-02 6.47E-02
1.00E+01 2.48E+00 738 8.70E-02 5.50E-02 6.22E-02
1.00E+01 2.51E+00 616 8.36E-02 5.93E-02 6.81E-02
1.00E+01 2.53E+00 713 8.52E-02 5.86E-02 6.81E-02
1.00E+01 2.56E+00 602 8.74E-02 5.52E-02 6.83E-02
1.00E+01 2.58E+00 594 8.60E-02 5.50E-02 6.91E-02
1.00E+01 2.60E+00 529 9.44E-02 5.97E-02 7.48E-02
1.00E+01 2.63E+00 592 9.43E-02 5.65E-02 6.92E-02
1.00E+01 2.65E+00 587 9.62E-02 6.11E-02 6.95E-02
1.00E+01 2.68E+00 521 8.88E-02 5.99E-02 7.17E-02
1.00E+01 2.70E+00 503 9.25E-02 6.02E-02 6.88E-02
1.00E+01 2.73E+00 487 9.49E-02 5.79E-02 7.28E-02
1.00E+01 2.75E+00 519 1.01E-01 6.03E-02 7.82E-02
1.00E+01 2.77E+00 455 9.69E-02 5.85E-02 7.29E-02
1.00E+01 2.80E+00 471 1.05E-01 5.44E-02 6.78E-02
1.00E+01 2.82E+00 457 1.06E-01 5.28E-02 7.00E-02
1.00E+01 2.85E+00 489 9.89E-02 4.89E-02 6.93E-02
1.00E+01 2.87E+00 462 1.13E-01 4.53E-02 6.66E-02
1.00E+01 2.90E+00 457 1.12E-01 3.80E-02 6.51E-02
1.00E+01 2.92E+00 419 1.18E-01 3.00E-02 5.95E-02
1.00E+01 2.95E+00 419 1.08E-01 1.61E-02 4.76E-02
1.00E+01 2.97E+00 136 1.43E-01 2.90E-02 3.12E-02
